   1.9986608333328408     
  7.33333333333333450E-004
   0.0000000000000000     
   0.0000000000000000     
   0.0000000000000000     
   0.0000000000000000     
   0.0000000000000000     
   0.0000000000000000     
   0.0000000000000000     
 
  7.33333333333333450E-004
   1.9986608333328408     
  7.33333333333333450E-004
   0.0000000000000000     
   0.0000000000000000     
   0.0000000000000000     
   0.0000000000000000     
   0.0000000000000000     
   0.0000000000000000     
 
   0.0000000000000000     
  7.33333333333333450E-004
   1.9986608333328408     
  7.33333333333333450E-004
   0.0000000000000000     
   0.0000000000000000     
   0.0000000000000000     
   0.0000000000000000     
   0.0000000000000000     
 
   0.0000000000000000     
   0.0000000000000000     
  7.33333333333333450E-004
   1.9986608333328408     
  7.33333333333333450E-004
   0.0000000000000000     
   0.0000000000000000     
   0.0000000000000000     
   0.0000000000000000     
 
   0.0000000000000000     
   0.0000000000000000     
   0.0000000000000000     
  7.33333333333333450E-004
   1.9986608333328408     
  7.33333333333333450E-004
   0.0000000000000000     
   0.0000000000000000     
   0.0000000000000000     
 
   0.0000000000000000     
   0.0000000000000000     
   0.0000000000000000     
   0.0000000000000000     
  7.33333333333333450E-004
   1.9986608333328408     
  7.33333333333333450E-004
   0.0000000000000000     
   0.0000000000000000     
 
   0.0000000000000000     
   0.0000000000000000     
   0.0000000000000000     
   0.0000000000000000     
   0.0000000000000000     
  7.33333333333333450E-004
   1.9986608333328408     
  7.33333333333333450E-004
   0.0000000000000000     
 
   0.0000000000000000     
   0.0000000000000000     
   0.0000000000000000     
   0.0000000000000000     
   0.0000000000000000     
   0.0000000000000000     
  7.33333333333333450E-004
   1.9986608333328408     
  7.33333333333333450E-004
 
   0.0000000000000000     
   0.0000000000000000     
   0.0000000000000000     
   0.0000000000000000     
   0.0000000000000000     
   0.0000000000000000     
   0.0000000000000000     
  7.33333333333333450E-004
   1.9986608333328408     
 
