           1   2.0001319868470167     
           2   2.0004365268341884     
           3   2.0009323417639591     
           4   2.0016248859889672     
           5   2.0025134595848959     
           6   2.0035945827319588     
           7   2.0048635086967757     
           8   2.0063149461857792     
           9   2.0079433031888243     
          10   2.0097427645773829     
          11   2.0117072986105016     
          12   2.0138306517079863     
          13   2.0161063526055125     
          14   2.0185277305303417     
          15   2.0210879468060723     
          16   2.0237800356659483     
          17   2.0265969504023733     
          18   2.0295316111633364     
          19   2.0325769517000012     
          20   2.0357259631127742     
          21   2.0389717333850701     
          22   2.0429929352075940     
          23   2.0486736889984467     
          24   2.0569174159168644     
          25   2.0685292263225694     
          26   2.0841633743725496     
          27   2.1043080577769477     
          28   2.1292926636421456     
          29   2.1593055540662474     
          30   2.1944160414595064     
          31   2.2345966625155120     
          32   2.2797438387020144     
          33   2.3296960397999338     
          34   2.3842492075022408     
          35   2.4431695230274628     
          36   2.5062044102827343     
          37   2.5730945812799813     
          38   2.6435890194047316     
          39   2.7174592014844210     
          40   2.7945081893757409     
          41   2.8745755966258923     
          42   2.9575400512735825     
          43   3.0433189229273836     
          44   3.1318659153629964     
          45   3.2231673775969854     
          46   3.3172377603596863     
          47   3.4141146775945441     
          48   3.5138539205424588     
          49   3.6165246558236950     
          50   3.7222049775848922     
          51   3.8309779113054550     
          52   3.9429279205888252     
          53   4.0581379313190862     
          54   4.1766868616056030     
          55   4.2986476289425202     
          56   4.4240855951538602     
          57   4.5530574040678049     
          58   4.6856065466231342     
          59   4.8217622935056053     
          60   4.9615396881670000     
          61   5.1049388100191324     
          62   5.2519447250139928     
          63   5.4025278883219414     
          64   5.5566446604531006     
          65   5.7142380704506692     
          66   5.8752387091249574     
          67   6.0395657174606612     
          68   6.2071278382421653     
          69   6.3778244944440381     
          70   6.5515468728011683     
          71   6.7281789911146319     
          72   6.9075987346243544     
          73   7.0896788499783643     
          74   7.2742878887039693     
          75   7.4612910944182271     
          76   7.6505512303343570     
          77   7.8419293453741679     
          78   8.0352854784802688     
          79   8.2304793018357181     
          80   8.4273707045053623     
          81   8.6258203186180253     
          82   8.8256899906497193     
          83   9.0268432006649970     
          84   9.2291454325610065     
          85   9.4324644984563886     
          86   9.6366708203951887     
          87   9.8416376725089716     
          88   10.047241386712413     
          89   10.253361524908435     
          90   10.459881020557743     
          91   10.666686292330979     
          92   10.873667332415192     
          93   11.080717771894840     
          94   11.287734925473666     
          95   11.494619817651326     
          96   11.701277192318521     
          97   11.907615507589089     
          98   12.113546917547499     
          99   12.318987242456535     
         100   12.523855928843098     
         101   12.728076000760314     
         102   12.931574003411427     
         103   13.134279940215658     
         104   13.336127204297753     
         105   13.537052505291497     
         106   13.736995792262574     
         107   13.935900173477689     
         108   14.133711833674276     
         109   14.330379949418475     
         110   14.525856603077536     
         111   14.720096695876626     
         112   14.913057860458215     
         113   15.104700373315293     
         114   15.294987067426252     
         115   15.483883245380328     
         116   15.671356593246442     
         117   15.857377095406113     
         118   16.041916950541264     
         119   16.224950488941438     
         120   16.406454091270462     
         121   16.586406108911099     
         122   16.764786785986242     
         123   16.941578183137874     
         124   17.116764103128954     
         125   17.290330018319150     
         126   17.462263000052754     
         127   17.632551649985764     
         128   17.801186033368936     
         129   17.968157614294743     
         130   18.133459192908372     
         131   18.297084844575771     
         132   18.459029860995685     
         133   18.619290693237566     
         134   18.777864896682104     
         135   18.934751077837735     
         136   19.089948843002563     
         137   19.243458748738639     
         138   19.395282254122712     
         139   19.545421674735991     
         140   19.693880138353400     
         141   19.840661542291908     
         142   19.985770512376053     
         143   20.129212363478569     
         144   20.270993061593110     
         145   20.411119187395837     
         146   20.549597901252941     
         147   20.686436909630597     
         148   20.821644432864556     
         149   20.955229174246810     
         150   21.087200290386928     
         151   21.217567362806705     
         152   21.346340370726903     
         153   21.473529665005895     
         154   21.599145943190518     
         155   21.723200225640653     
         156   21.845703832689150     
         157   21.966668362800601     
         158   22.086105671692323     
         159   22.204027852382666     
         160   22.320447216132258     
         161   22.435376274244675     
         162   22.548827720694394     
         163   22.660814415550398     
         164   22.771349369164994     
         165   22.880445727098120     
         166   22.988116755748717     
         167   23.094375828665271     
         168   23.199236413508682     
         169   23.302712059641678     
         170   23.404816386319460     
         171   23.505563071457608     
         172   23.604965840953756     
         173   23.703038458540437     
         174   23.799794716147488     
         175   23.895248424752914     
         176   23.989413405702088     
         177   24.082303482475751     
         178   24.173932472888126     
         179   24.264314181696985     
         180   24.353462393608510     
         181   24.441390866659905     
         182   24.528113325963979     
         183   24.613643457800119     
         184   24.697994904036690     
         185   24.781181256870784     
         186   24.863216053871341     
         187   24.944112773312668     
         188   25.023884829785509     
         189   25.102545570073612     
         190   25.180108269284066     
         191   25.256586127220132     
         192   25.331992264985900     
         193   25.406339721812305     
         194   25.479641452094786     
         195   25.551910322632843     
         196   25.623159110062449     
         197   25.693400498472702     
         198   25.762647077198007     
         199   25.830911338778154     
         200   25.898205677078131     
         201   25.964542385560598     
         202   26.029933655703793     
         203   26.094391575558078     
         204   26.157928128434587     
         205   26.220555191719846     
         206   26.282284535810234     
         207   26.343127823160614     
         208   26.403096607441704     
         209   26.462202332800821     
         210   26.520456333221052     
         211   26.577869831973953     
         212   26.634453941161226     
         213   26.690219661340855     
         214   26.745177881233626     
         215   26.799339377505802     
         216   26.852714814624179     
         217   26.905314744779755     
         218   26.957149607876520     
         219   27.008229731581906     
         220   27.058565331435663     
         221   27.108166511014009     
         222   27.157043262146217     
         223   27.205205465180548     
         224   27.252662889297039     
         225   27.299425192864401     
         226   27.345501923838590     
         227   27.390902520200580     
         228   27.435636310431267     
         229   27.479712514020985     
         230   27.523140242011991     
         231   27.565928497571434     
         232   27.608086176593407     
         233   27.649622068327776     
         234   27.690544856034478     
         235   27.730863117661379     
         236   27.770585326544097     
         237   27.809719852126481     
         238   27.848274960700039     
         239   27.886258816161167     
         240   27.923679480784703     
         241   27.960544916012626     
         242   27.996862983256687     
         243   28.032641444713811     
         244   28.067887964193190     
         245   28.102610107954096     
         246   28.136815345553178     
         247   28.170511050700743     
         248   28.203704502124623     
         249   28.236402884441087     
         250   28.268613289031908     
         251   28.300342714926781     
         252   28.331598069690347     
         253   28.362386170313140     
         254   28.392713744105841     
         255   28.422587429596014     
         256   28.452013777426970     
         257   28.480999251258012     
         258   28.509550228665528     
         259   28.537673002044535     
         260   28.565373779510004     
         261   28.592658685797598     
         262   28.619533763163467     
         263   28.646004972282437     
         264   28.672078193144461     
         265   28.697759225948765     
         266   28.723053791995454     
         267   28.747967534574148     
         268   28.772506019849356     
         269   28.796674737742439     
         270   28.820479102809593     
         271   28.843924455115740     
         272   28.867016061104245     
         273   28.889759114461896     
         274   28.912158736979073     
         275   28.934219979405036     
         276   28.955947822297922     
         277   28.977347176869333     
         278   28.998422885823455     
         279   29.019179724190391     
         280   29.039622400153654     
         281   29.059755555871646     
         282   29.079583768293087     
         283   29.099111549966057     
         284   29.118343349840824     
         285   29.137283554066123     
         286   29.155936486778970     
         287   29.174306410887720     
         288   29.192397528848616     
         289   29.210213983435352     
         290   29.227759858501944     
         291   29.245039179738686     
         292   29.262055915421097     
         293   29.278813977151923     
         294   29.295317220596182     
         295   29.311569446209045     
         296   29.327574399956752     
         297   29.343335774030241     
         298   29.358857207551917     
         299   29.374142287275095     
         300   29.389194548276325     
         301   29.404017474640661     
         302   29.418614500139661     
         303   29.432989008902410     
         304   29.447144336079194     
         305   29.461083768498231     
         306   29.474810545315211     
         307   29.488327858655719     
         308   29.501638854250615     
         309   29.514746632064345     
         310   29.527654246916214     
         311   29.540364709094689     
         312   29.552880984964613     
         313   29.565205997567610     
         314   29.577342627215483     
         315   29.589293712076753     
         316   29.601062048756368     
         317   29.612650392868563     
         318   29.624061459603030     
         319   29.635297924284224     
         320   29.646362422924202     
         321   29.657257552768527     
         322   29.667985872835889     
         323   29.678549904450886     
         324   29.688952131770574     
         325   29.699195002304322     
         326   29.709280927427393     
         327   29.719212282888176     
         328   29.728991409309053     
         329   29.738620612680979     
         330   29.748102164852021     
         331   29.757438304009533     
         332   29.766631235156407     
         333   29.775683130581179     
         334   29.784596130322193     
         335   29.793372342625787     
         336   29.802013844398648     
         337   29.810522681654284     
         338   29.818900869953797     
         339   29.827150394840878     
         340   29.835273212271112     
         341   29.843271249035819     
         342   29.851146403180184     
         343   29.858900544415988     
         344   29.866535514528870     
         345   29.874053127780243     
         346   29.881455171303788     
         347   29.888743405496832     
         348   29.895919564406388     
         349   29.902985356110047     
         350   29.909942463091877     
         351   29.916792542613120     
         352   29.923537227078000     
         353   29.930178124394580     
         354   29.936716818330741     
         355   29.943154868865278     
         356   29.949493812534289     
         357   29.955735162772864     
         358   29.961880410251993     
         359   29.967931023211019     
         360   29.973888447785392     
         361   29.979754108330077     
         362   29.985529407738312     
         363   29.991215727756181     
         364   29.996814429292694     
         365   30.002326852725602     
         366   30.007754318203041     
         367   30.013098125940875     
         368   30.018359556516032     
         369   30.023539871155606     
         370   30.028640312022027     
         371   30.033662102494226     
         372   30.038606447444796     
         373   30.043474533513322     
         374   30.048267529375895     
         375   30.052986586010725     
         376   30.057632836960121     
         377   30.062207398588715     
         378   30.066711370338023     
         379   30.071145834977443     
         380   30.075511858851662     
         381   30.079810492124537     
         382   30.084042769019586     
         383   30.088209708056898     
         384   30.092312312286843     
         385   30.096351569520362     
         386   30.100328452555871     
         387   30.104243919403149     
         388   30.108098913503767     
         389   30.111894363948519     
         390   30.115631185691647     
         391   30.119310279762047     
         392   30.122932533471349     
         393   30.126498820619119     
         394   30.130010001694952     
         395   30.133466924077759     
         396   30.136870422232146     
         397   30.140221317901879     
         398   30.143520420300693     
         399   30.146768526300164     
         400   30.149966420614923     
         401   30.153114875985285     
         402   30.156214653356990     
         403   30.159266502058564     
         404   30.162271159975916     
         405   30.165229353724484     
         406   30.168141798818866     
         407   30.171009199839872     
         408   30.173832250599254     
         409   30.176611634302020     
         410   30.179348023706229     
         411   30.182042081280589     
         412   30.184694459359697     
         413   30.187305800296944     
         414   30.189876736615275     
         415   30.192407891155625     
         416   30.194899877223257     
         417   30.197353298731869     
         418   30.199768750345619     
         419   30.202146817619074     
         420   30.204488077135011     
         421   30.206793096640254     
         422   30.209062435179519     
         423   30.211296643227158     
         424   30.213496262817124     
         425   30.215661827670825     
         426   30.217793863323251     
         427   30.219892887247141     
         428   30.221959408975241     
         429   30.223993930220942     
         430   30.225996944996897     
         431   30.227968939732065     
         432   30.229910393386852     
         433   30.231821777566701     
         434   30.233703556633781     
         435   30.235556187817267     
         436   30.237380121321745     
         437   30.239175800434076     
         438   30.240943661628794     
         439   30.242684134671659     
         440   30.244397642721960     
         441   30.246084602433047     
         442   30.247745424051487     
         443   30.249380511514712     
         444   30.250990262547148     
         445   30.252575068755025     
         446   30.254135315719608     
         447   30.255671383089179     
         448   30.257183644669514     
         449   30.258672468513094     
         450   30.260138217006887     
         451   30.261581246958940     
         452   30.263001909683499     
         453   30.264400551084996     
         454   30.265777511740708     
         455   30.267133126982131     
         456   30.268467726975238     
         457   30.269781636799411     
         458   30.271075176525258     
         459   30.272348661291236     
         460   30.273602401379073     
         461   30.274836702288141     
         462   30.276051864808675     
         463   30.277248185093754     
         464   30.278425954730444     
         465   30.279585460809617     
         466   30.280726985994939     
         467   30.281850808590569     
         468   30.282957202608078     
         469   30.284046437832174     
         470   30.285118779885533     
         471   30.286174490292584     
         472   30.287213826542370     
         473   30.288237042150456     
         474   30.289244386719876     
         475   30.290236106001149     
         476   30.291212441951409     
         477   30.292173632792615     
         478   30.293119913068931     
         479   30.294051513703131     
         480   30.294968662052248     
         481   30.295871581962338     
         482   30.296760493822376     
         483   30.297635614617395     
         484   30.298497157980808     
         485   30.299345334245846     
         486   30.300180350496341     
         487   30.301002410616665     
         488   30.301811715340897     
         489   30.302608462301283     
         490   30.303392846075923     
         491   30.304165058235743     
         492   30.304925287390791     
         493   30.305673719235731     
         494   30.306410536594747     
         495   30.307135919465701     
         496   30.307850045063596     
         497   30.308553087863505     
         498   30.309245219642627     
         499   30.309926609521938     
         500   30.310597424007049     
         501   30.311257827028413     
         502   30.311907979981108     
         503   30.312548041763833     
         504   30.313178168817352     
         505   30.313798515162382     
         506   30.314409232436898     
         507   30.315010469932822     
         508   30.315602374632221     
         509   30.316185091242868     
         510   30.316758762233317     
         511   30.317323527867451     
         512   30.317879526238460     
         513   30.318426893302291     
         514   30.318965762910647     
         515   30.319496266843430     
         516   30.320018534840660     
         517   30.320532694634021     
         518   30.321038871977787     
         519   30.321537190679340     
         520   30.322027772629230     
         521   30.322510737830783     
         522   30.322986204429132     
         523   30.323454288740006     
         524   30.323915105277930     
         525   30.324368766783998     
         526   30.324815384253320     
         527   30.325255066961930     
         528   30.325687922493355     
         529   30.326114056764734     
         530   30.326533574052608     
         531   30.326946577018166     
         532   30.327353166732294     
         533   30.327753442700097     
         534   30.328147502885088     
         535   30.328535443733017     
         536   30.328917360195319     
         537   30.329293345752209     
         538   30.329663492435422     
         539   30.330027890850609     
         540   30.330386630199335     
         541   30.330739798300836     
         542   30.331087481613380     
         543   30.331429765255251     
         544   30.331766733025589     
         545   30.332098467424601     
         546   30.332425049673859     
         547   30.332746559735892     
         548   30.333063076333790     
         549   30.333374676970266     
         550   30.333681437946627     
         551   30.333983434381267     
         552   30.334280740228067     
         553   30.334573428294316     
         554   30.334861570258489     
         555   30.335145236687740     
         556   30.335424497055033     
         557   30.335699419756136     
         558   30.335970072126266     
         559   30.336236520456488     
         560   30.336498830009866     
         561   30.336757065037443     
         562   30.337011288793800     
         563   30.337261563552573     
         564   30.337507950621593     
         565   30.337750510357843     
         566   30.337989302182187     
         567   30.338224384593847     
         568   30.338455815184673     
         569   30.338683650653255     
         570   30.338907946818598     
         571   30.339128758633965     
         572   30.339346140200089     
         573   30.339560144778478     
         574   30.339770824804361     
         575   30.339978231899551     
         576   30.340182416884982     
         577   30.340383429793128     
         578   30.340581319880251     
         579   30.340776135638372     
         580   30.340967924807149     
         581   30.341156734385535     
         582   30.341342610643206     
         583   30.341525599131927     
         584   30.341705744696633     
         585   30.341883091486363     
         586   30.342057682965120     
         587   30.342229561922419     
         588   30.342398770483729     
         589   30.342565350120825     
         590   30.342729341661876     
         591   30.342890785301446     
         592   30.343049720610253     
         593   30.343206186544947     
         594   30.343360221457530     
         595   30.343511863104752     
         596   30.343661148657386     
         597   30.343808114709244     
         598   30.343952797286160     
         599   30.344095231854826     
         600   30.344235453331375     
         601   30.344373496089961     
         602   30.344509393971208     
         603   30.344643180290426     
         604   30.344774887845769     
         605   30.344904548926220     
         606   30.345032195319572     
         607   30.345157858320146     
         608   30.345281568736407     
         609   30.345403356898590     
         610   30.345523252666037     
         611   30.345641285434528     
         612   30.345757484143473     
         613   30.345871877282988     
         614   30.345984492900890     
         615   30.346095358609492     
         616   30.346204501592428     
         617   30.346311948611248     
         618   30.346417726012000     
         619   30.346521859731663     
         620   30.346624375304497     
         621   30.346725297868300     
         622   30.346824652170497     
         623   30.346922462574323     
         624   30.347018753064635     
         625   30.347113547253894     
         626   30.347206868387879     
         627   30.347298739351409     
         628   30.347389182673940     
         629   30.347478220535063     
         630   30.347565874769934     
         631   30.347652166874653     
         632   30.347737118011466     
         633   30.347820749014005     
         634   30.347903080392349     
         635   30.347984132338059     
         636   30.348063924729090     
         637   30.348142477134754     
         638   30.348219808820360     
         639   30.348295938752084     
         640   30.348370885601490     
         641   30.348444667750204     
         642   30.348517303294312     
         643   30.348588810048863     
         644   30.348659205552227     
         645   30.348728507070362     
         646   30.348796731601038     
         647   30.348863895878051     
         648   30.348930016375252     
         649   30.348995109310636     
         650   30.349059190650287     
         651   30.349122276112290     
         652   30.349184381170573     
         653   30.349245521058762     
         654   30.349305710773795     
         655   30.349364965079676     
         656   30.349423298511098     
         657   30.349480725376971     
         658   30.349537259763924     
         659   30.349592915539763     
         660   30.349647706356908     
         661   30.349701645655671     
         662   30.349754746667593     
         663   30.349807022418648     
         664   30.349858485732508     
         665   30.349909149233593     
         666   30.349959025350223     
         667   30.350008126317675     
         668   30.350056464181076     
         669   30.350104050798507     
         670   30.350150897843793     
         671   30.350197016809446     
         672   30.350242419009355     
         673   30.350287115581722     
         674   30.350331117491688     
         675   30.350374435534050     
         676   30.350417080335848     
         677   30.350459062359089     
         678   30.350500391903207     
         679   30.350541079107639     
         680   30.350581133954265     
         681   30.350620566269907     
         682   30.350659385728715     
         683   30.350697601854531     
         684   30.350735224023225     
         685   30.350772261464989     
         686   30.350808723266624     
         687   30.350844618373749     
         688   30.350879955592983     
         689   30.350914743594132     
         690   30.350948990912261     
         691   30.350982705949885     
         692   30.351015896978904     
         693   30.351048572142734     
         694   30.351080739458233     
         695   30.351112406817723     
         696   30.351143581990886     
         697   30.351174272626690     
         698   30.351204486255220     
         699   30.351234230289592     
         700   30.351263512027732     
         701   30.351292338654165     
         702   30.351320717241776     
         703   30.351348654753565     
         704   30.351376158044321     
         705   30.351403233862335     
         706   30.351429888851026     
         707   30.351456129550584     
         708   30.351481962399586     
         709   30.351507393736561     
         710   30.351532429801519     
         711   30.351557076737549     
         712   30.351581340592258     
         713   30.351605227319272     
         714   30.351628742779720     
         715   30.351651892743646     
         716   30.351674682891424     
         717   30.351697118815185     
         718   30.351719206020135     
         719   30.351740949925944     
         720   30.351762355868050     
         721   30.351783429099022     
         722   30.351804174789748     
         723   30.351824598030802     
         724   30.351844703833653     
         725   30.351864497131857     
         726   30.351883982782343     
         727   30.351903165566544     
         728   30.351922050191604     
         729   30.351940641291485     
         730   30.351958943428176     
         731   30.351976961092763     
         732   30.351994698706498     
         733   30.352012160622007     
         734   30.352029351124198     
         735   30.352046274431444     
         736   30.352062934696502     
         737   30.352079336007666     
         738   30.352095482389654     
         739   30.352111377804629     
         740   30.352127026153216     
         741   30.352142431275379     
         742   30.352157596951443     
         743   30.352172526902976     
         744   30.352187224793695     
         745   30.352201694230388     
         746   30.352215938763798     
         747   30.352229961889478     
         748   30.352243767048638     
         749   30.352257357629046     
         750   30.352270736965810     
         751   30.352283908342187     
         752   30.352296874990419     
         753   30.352309640092539     
         754   30.352322206781079     
         755   30.352334578139924     
         756   30.352346757205034     
         757   30.352358746965155     
         758   30.352370550362629     
         759   30.352382170294010     
         760   30.352393609610900     
         761   30.352404871120534     
         762   30.352415957586551     
         763   30.352426871729609     
         764   30.352437616228109     
         765   30.352448193718804     
         766   30.352458606797498     
         767   30.352468858019602     
         768   30.352478949900863     
         769   30.352488884917907     
         770   30.352498665508861     
         771   30.352508294073971     
         772   30.352517772976171     
         773   30.352527104541682     
         774   30.352536291060556     
         775   30.352545334787258     
         776   30.352554237941231     
         777   30.352563002707409     
         778   30.352571631236760     
         779   30.352580125646817     
         780   30.352588488022228     
         781   30.352596720415232     
         782   30.352604824846161     
         783   30.352612803303948     
         784   30.352620657746630     
         785   30.352628390101795     
         786   30.352636002267076     
         787   30.352643496110613     
         788   30.352650873471521     
         789   30.352658136160315     
         790   30.352665285959372     
         791   30.352672324623370     
         792   30.352679253879732     
         793   30.352686075428995     
         794   30.352692790945309     
         795   30.352699402076770     
         796   30.352705910445870     
         797   30.352712317649893     
         798   30.352718625261261     
         799   30.352724834828020     
         800   30.352730947874100     
         801   30.352736965899751     
         802   30.352742890381954     
         803   30.352748722774656     
         804   30.352754464509278     
         805   30.352760116994954     
         806   30.352765681618919     
         807   30.352771159746862     
         808   30.352776552723224     
         809   30.352781861871559     
         810   30.352787088494871     
         811   30.352792233875860     
         812   30.352797299277363     
         813   30.352802285942509     
         814   30.352807195095153     
         815   30.352812027940132     
         816   30.352816785663535     
         817   30.352821469433003     
         818   30.352826080398074     
         819   30.352830619690380     
         820   30.352835088423980     
         821   30.352839487695615     
         822   30.352843818584979     
         823   30.352848082154978     
         824   30.352852279452023     
         825   30.352856411506195     
         826   30.352860479331664     
         827   30.352864483926741     
         828   30.352868426274291     
         829   30.352872307341848     
         830   30.352876128081931     
         831   30.352879889432291     
         832   30.352883592316019     
         833   30.352887237641944     
         834   30.352890826304701     
         835   30.352894359185086     
         836   30.352897837150124     
         837   30.352901261053439     
         838   30.352904631735345     
         839   30.352907950023102     
         840   30.352911216731140     
         841   30.352914432661169     
         842   30.352917598602502     
         843   30.352920715332132     
         844   30.352923783615012     
         845   30.352926804204184     
         846   30.352929777840991     
         847   30.352932705255267     
         848   30.352935587165483     
         849   30.352938424278950     
         850   30.352941217291967     
         851   30.352943966890056     
         852   30.352946673748022     
         853   30.352949338530241     
         854   30.352951961890717     
         855   30.352954544473313     
         856   30.352957086911871     
         857   30.352959589830402     
         858   30.352962053843186     
         859   30.352964479554988     
         860   30.352966867561143     
         861   30.352969218447747     
         862   30.352971532791781     
         863   30.352973811161281     
         864   30.352976054115402     
         865   30.352978262204683     
         866   30.352980435971030     
         867   30.352982575947966     
         868   30.352984682660711     
         869   30.352986756626336     
         870   30.352988798353845     
         871   30.352990808344355     
         872   30.352992787091196     
         873   30.352994735080003     
         874   30.352996652788875     
         875   30.352998540688517     
         876   30.353000399242262     
         877   30.353002228906263     
         878   30.353004030129583     
         879   30.353005803354304     
         880   30.353007549015647     
         881   30.353009267542056     
         882   30.353010959355313     
         883   30.353012624870647     
         884   30.353014264496860     
         885   30.353015878636342     
         886   30.353017467685277     
         887   30.353019032033654     
         888   30.353020572065446     
         889   30.353022088158607     
         890   30.353023580685292     
         891   30.353025050011762     
