 # 0)
  1.00996674159614247E-002   0.0000000000000000       1.99999995529651642E-002
  2.01993348319228494E-002 -1.66521194307605409E-003  1.99999995529651642E-002
  3.02990022478842706E-002 -3.33042388615210818E-003  1.99831814661630101E-002
  4.03986696638456988E-002 -4.99423573172079818E-003  1.99495452925586986E-002
  5.04983370798071235E-002 -6.65524738086333868E-003  1.98991051726714087E-002
  6.05980044957685413E-002 -8.31205990903752245E-003  1.98318893875537409E-002
  7.06976719117299590E-002 -9.96327674188665462E-003  1.97479403469309166E-002
  8.07973393276913976E-002 -1.16075048300925306E-002  1.96473145654646776E-002
  9.08970067436528223E-002 -1.32433558222953482E-002  1.95300826271515779E-002
  0.10099667415961425      -1.48694472351039372E-002  1.93963291378751596E-002
  0.11109634157557567      -1.64844036192209539E-002  1.92461526661414223E-002
  0.12119600899153708      -1.80868577207096322E-002  1.90796656720368212E-002
  0.13129567640749851      -1.96754516364314146E-002  1.88969944244578407E-002
  0.14139534382345992      -2.12488379626872663E-002  1.86982789066710495E-002
  0.15149501123942136      -2.28056809360996232E-002  1.84836727102722538E-002
  0.16159467865538280      -2.43446575657769448E-002  1.82533429176231152E-002
  0.17169434607134421      -2.58644587558084713E-002  1.80074699728532996E-002
  0.18179401348730564      -2.73637904171432807E-002  1.77462475415257823E-002
  0.19189368090326706      -2.88413745679149333E-002  1.74698823590725624E-002
  0.20199334831922849      -3.02959504212809150E-002  1.71785940681174545E-002
  0.21209301573518990      -3.17262754598548261E-002  1.68726150448120608E-002
  0.22219268315115134      -3.31311264958187440E-002  1.65521902143203475E-002
  0.23229235056711275      -3.45093007158133597E-002  1.62175768555964314E-002
  0.24239201798307417      -3.58596167097145063E-002  1.58690443956093184E-002
  0.25249168539903560      -3.71809154824164073E-002  1.55068741931773495E-002
  0.26259135281499701      -3.84720614477544604E-002  1.51313593125839731E-002
  0.27269102023095848      -3.97319434037136585E-002  1.47428042871552215E-002
  0.28279068764691984      -4.09594754880826459E-002  1.43415248729879107E-002
  0.29289035506288130      -4.21535981137282217E-002  1.39278477930260512E-002
  0.30299002247884271      -4.33132788826805712E-002  1.35021104716912966E-002
  0.31308968989480418      -4.44375134782356782E-002  1.30646607602814373E-002
  0.32318935731076559      -4.55253265342983882E-002  1.26158566533589537E-002
  0.33328902472672695      -4.65757724812071797E-002  1.21560659963594955E-002
  0.34338869214268841      -4.75879363673001876E-002  1.16856661846578141E-002
  0.35348835955864982      -4.85609346555010493E-002  1.12050438543361466E-002
  0.36358802697461129      -4.94939159942229465E-002  1.07145945649073510E-002
  0.37368769439057270      -5.03860619619097630E-002  1.02147224742521660E-002
  0.38378736180653411      -5.12365877845543452E-002  9.70584000603685187E-003
  0.39388702922249552      -5.20447430255557286E-002  9.18836750988414122E-003
  0.40398669663845699      -5.28098122472996229E-002  8.66273291457685113E-003
  0.41408636405441834      -5.35311156438696006E-002  8.12937137457975939E-003
  0.42418603147037981      -5.42080096443200224E-002  7.58872491017130706E-003
  0.43428569888634122      -5.48398874859661600E-002  7.04124204148244559E-003
  0.44438536630230269      -5.54261797571717410E-002  6.48737741674544274E-003
  0.45448503371826404      -5.59663549091396553E-002  5.92759143506071430E-003
  0.46458470113422551      -5.64599197362374156E-002  5.36234986399474357E-003
  0.47468436855018692      -5.69064198244155356E-002  4.79212345232686923E-003
  0.48478403596614833      -5.73054399673037854E-002  4.21738753826719857E-003
  0.49488370338210974      -5.76566045495978813E-002  3.63862165347208708E-003
  0.50498337079807121      -5.79595778973767753E-002  3.05630912318754014E-003
  0.51508303821403267      -5.82140645950191341E-002  2.47093666285452601E-003
  0.52518270562999403      -5.84198097684160353E-002  1.88299397151353749E-003
  0.53528237304595550      -5.85765993342059754E-002  1.29297332234880108E-003
  0.54538204046191696      -5.86842602147875370E-002  7.01369150715293300E-004
  0.55548170787787832      -5.87426605188944642E-002  1.08677639994202223E-004
  0.56558137529383967      -5.87517096875479067E-002 -4.84603694375359845E-004
  0.57568104270980114      -5.87113586052304265E-002 -1.07797642233871263E-003
  0.58578071012576260      -5.86215996761566410E-002 -1.67094161779078468E-003
  0.59588037754172396      -5.84824668655457014E-002 -2.26300027791159850E-003
  0.60598004495768543      -5.82940357058312764E-002 -2.85365374291859410E-003
  0.61607971237364689      -5.80564232677752423E-002 -3.44240411588167018E-003
  0.62617937978960836      -5.77697880964819430E-002 -4.02875468224648484E-003
  0.63627904720556971      -5.74343301123403857E-002 -4.61221032871152008E-003
  0.64637871462153118      -5.70502904769524671E-002 -5.19227796110469618E-003
  0.65647838203749254      -5.66179514241357401E-002 -5.76846692090590696E-003
  0.66657804945345389      -5.61376360561198356E-002 -6.34028940006273710E-003
  0.67667771686941536      -5.56097081050858227E-002 -6.90726085374783211E-003
  0.68677738428537682      -5.50345716602281196E-002 -7.46890041070789358E-003
  0.69687705170133829      -5.44126708605485246E-002 -8.02473128085609382E-003
  0.70697671911729965      -5.37444895536216827E-002 -8.57428115976180925E-003
  0.71707638653326111      -5.30305509206008829E-002 -9.11708262969400211E-003
  0.72717605394922258      -5.22714170677623102E-002 -9.65267355687727743E-003
  0.73727572136518393      -5.14676885849148641E-002 -1.01805974846226870E-002
  0.74737538878114540      -5.06200040710312327E-002 -1.07004040219986010E-002
  0.75747505619710676      -4.97290396274841229E-002 -1.12116492277106305E-002
  0.76757472361306822      -4.87955083192994771E-002 -1.17138959888633855E-002
  0.77767439102902958      -4.78201596048658806E-002 -1.22067143942810891E-002
  0.78777405844499104      -4.68037787345663425E-002 -1.26896821020684274E-002
  0.79787372586095251      -4.57471861188251810E-002 -1.31623847010977953E-002
  0.80797339327691398      -4.46512366660887713E-002 -1.36244160661140173E-002
  0.81807306069287544      -4.35168190912843672E-002 -1.40753787061528961E-002
  0.82817272810883669      -4.23448551953262628E-002 -1.45148841059754286E-002
  0.83827239552479815      -4.11362991162629518E-002 -1.49425530602252700E-002
  0.84837206294075962      -3.98921365526827484E-002 -1.53580160000230340E-002
  0.85847173035672097      -3.86133839600186976E-002 -1.57609133117172472E-002
  0.86857139777268244      -3.73010877204161678E-002 -1.61508956475182562E-002
  0.87867106518864391      -3.59563232868486127E-002 -1.65276242277480612E-002
  0.88877073260460537      -3.45801943021883801E-002 -1.68907711344460226E-002
  0.89887040002056662      -3.31738316939602165E-002 -1.72400195960774501E-002
  0.90897006743652808      -3.17383927455252290E-002 -1.75750642630995296E-002
  0.91906973485248955      -3.02750601444624554E-002 -1.78956114741464986E-002
  0.92916940226845102      -2.87850410089340591E-002 -1.82013795126037999E-002
  0.93926906968441248      -2.72695658928381150E-002 -1.84920988533488449E-002
  0.94936873710037384      -2.57298877705704580E-002 -1.87675123994441549E-002
  0.95946840451633530      -2.41672810022336773E-002 -1.90273757085769289E-002
  0.96956807193229666      -2.25830402801473450E-002 -1.92714572090475732E-002
  0.97966773934825802      -2.09784795575288438E-002 -1.94995384051183211E-002
  0.98976740676421948      -1.93549309602287084E-002 -1.97114140715419078E-002
  0.99986707418018095      -1.77137436824182440E-002 -1.99068924370991128E-002
   1.0099667415961424      -1.60562828671402640E-002 -2.00857953569831237E-002
   1.0200664090121039      -1.43839284726462527E-002 -2.02479584738778397E-002
   1.0301660764280653      -1.26980741254548272E-002 -2.03932313675865458E-002
   1.0402657438440268      -1.10001259610773769E-002 -2.05214776930768630E-002
   1.0503654112599881      -9.29150145336693489E-003 -2.06325753068174259E-002
   1.0604650786759495      -7.57362823345578660E-003 -2.07264163812913536E-002
   1.0705647460919110      -5.84794289925606812E-003 -2.08029075075813925E-002
   1.0806644135078725      -4.11588981650559856E-003 -2.08619697859314113E-002
   1.0907640809238339      -2.37891991234843352E-003 -2.09035389041988609E-002
   1.1008637483397952      -6.38489462446153750E-004 -2.09275652041227868E-002
   1.1109634157557566       1.10394112737833248E-003 -2.09340137353420906E-002
   1.1210630831717181       2.84690854395765799E-003 -2.09228642971087675E-002
   1.1311627505876793       4.58894779304643528E-003 -2.08941114676511365E-002
   1.1412624180036408       6.32859342802263598E-003 -2.08477646211521588E-002
   1.1513620854196023       8.06438078000645819E-003 -2.07838479323182897E-002
   1.1614617528355637       9.79484718837722243E-003 -2.07024003685245539E-002
   1.1715614202515252       1.15185332306675207E-002 -2.06034756695317803E-002
   1.1816610876674867       1.32339839508133061E-002 -2.04871423147823389E-002
   1.1917607550834479       1.49397500847388356E-002 -2.03534834782909541E-002
   1.2018604224994094       1.66343892822563566E-002 -2.02025969711575118E-002
   1.2119600899153709       1.83164673242621444E-002 -2.00345951717390905E-002
   1.2220597573313323       1.99845593342130347E-002 -1.98496049435287168E-002
   1.2321594247472938       2.16372509828708301E-002 -1.96477675407986177E-002
   1.2422590921632553       2.32731396853060046E-002 -1.94292385020759378E-002
   1.2523587595792167       2.48908357891569690E-002 -1.91941875315291346E-002
   1.2624584269951780       2.64889637531466882E-002 -1.89427983683533412E-002
   1.2725580944111394       2.80661633148648754E-002 -1.86752686442531041E-002
   1.2826577618271009       2.96210906468310706E-002 -1.83918097291309104E-002
   1.2927574292430624       3.11524194998618782E-002 -1.80926465650998701E-002
   1.3028570966590238       3.26588423327743432E-002 -1.77780174889487531E-002
   1.3129567640749851       3.41390714274669022E-002 -1.74481740431974112E-002
   1.3230564314909465       3.55918399884297548E-002 -1.71033807758902458E-002
   1.3331560989069078       3.70159032257473888E-002 -1.67439150292849892E-002
   1.3432557663228692       3.84100394206680767E-002 -1.63700667176035278E-002
   1.3533554337388307       3.97730509728276491E-002 -1.59821380940208119E-002
   1.3634551011547922       4.11037654282283837E-002 -1.55804435070771713E-002
   1.3735547685707536       4.24010364870880604E-002 -1.51653091467083712E-002
   1.3836544359867151       4.36637449906893058E-002 -1.47370727800967358E-002
   1.3937541034026766       4.48907998863750310E-002 -1.42960834775554217E-002
   1.4038537708186378       4.60811391698525072E-002 -1.38427013286665547E-002
   1.4139534382345993       4.72337308039858655E-002 -1.33772971489024110E-002
   1.4240531056505608       4.83475736132750050E-002 -1.29002521769671016E-002
   1.4341527730665222       4.94216981532377003E-002 -1.24119577631043119E-002
   1.4442524404824837       5.04551675539314168E-002 -1.19128150486245768E-002
   1.4543521078984452       5.14470783368717113E-002 -1.14032346369132617E-002
   1.4644517753144066       5.23965612046251236E-002 -1.08836362561879427E-002
   1.4745514427303679       5.33027818023764088E-002 -1.03544484142811619E-002
   1.4846511101463293       5.41649414507924185E-002 -9.81610804573159954E-003
   1.4947507775622908       5.49822778495282216E-002 -9.26906015147357237E-003
   1.5048504449782523       5.57540657507448884E-002 -8.71375743142135430E-003
   1.5149501123942135       5.64796176020330234E-002 -8.15065991025118453E-003
   1.5250497798101750       5.71582841581612308E-002 -7.58023455668997009E-003
   1.5351494472261364       5.77894550610945842E-002 -7.00295489662552516E-003
   1.5452491146420977       5.83725593877545620E-002 -6.41930062035882092E-003
   1.5553487820580592       5.89070661650189023E-002 -5.82975718432404266E-003
   1.5654484494740206       5.93924848514873691E-002 -5.23481540760731799E-003
   1.5755481168899821       5.98283657855674875E-002 -4.63497106359976856E-003
   1.5856477843059436       6.02143005994628805E-002 -4.03072446712505160E-003
   1.5957474517219050       6.05499225986758510E-002 -3.42258005738574995E-003
   1.6058471191378665       6.08349071066653507E-002 -2.81104597707691707E-003
   1.6159467865538280       6.10689717743312793E-002 -2.19663364801868898E-003
   1.6260464539697894       6.12518768540264713E-002 -1.57985734366320732E-003
   1.6361461213857509       6.13834254378281680E-002 -9.61233758834114391E-004
   1.6462457888017124       6.14634636598318101E-002 -3.41281577059583631E-004
   1.6563454562176734       6.14918808622611016E-002  2.79478964137748801E-004
   1.6664451236336348       6.14686097252198360E-002  9.00526509628509116E-004
   1.6765447910495963       6.13936263599425477E-002  1.52133902437476135E-003
   1.6866444584655578       6.12669503654328929E-002  2.14139423206998348E-003
   1.6967441258815192       6.10886448484107003E-002  2.76017005435107198E-003
   1.7068437932974807       6.08588164065206050E-002  3.37714505021180543E-003
   1.7169434607134419       6.05776150747873859E-002  3.99179885524672019E-003
   1.7270431281294034       6.02452342353352807E-002  4.60361262035420375E-003
   1.7371427955453649       5.98619104904206598E-002  5.21206944952778278E-003
   1.7472424629613263       5.94279234988596070E-002  5.81665483636508406E-003
   1.7573421303772878       5.89435957759639750E-002  6.41685709892476485E-003
   1.7674417977932493       5.84092924571313621E-002  7.01216781256286999E-003
   1.7775414652092107       5.78254210252662770E-002  7.60208224038152070E-003
   1.7876411326251722       5.71924310022412577E-002  8.18609976092465365E-003
   1.7977408000411332       5.65108136046381451E-002  8.76372429275761207E-003
   1.8078404674570947       5.57811013640407277E-002  9.33446471556984535E-003
   1.8179401348730562       5.50038677121808539E-002  9.89783528744268837E-003
   1.8280398022890176       5.41797265312704904E-002  1.04533560579272537E-002
   1.8381394697049791       5.33093316698825051E-002  1.10005532765808274E-002
   1.8482391371209406       5.23933764247724934E-002  1.15389597966138197E-002
   1.8583388045369020       5.14325929890634762E-002  1.20681154733032966E-002
   1.8684384719528635       5.04277518672441097E-002  1.25875675568333477E-002
   1.8785381393688250       4.93796612574594965E-002  1.30968710792271417E-002
   1.8886378067847864       4.82891664016016214E-002  1.35955892350403187E-002
   1.8987374742007477       4.71571489037338754E-002  1.40832937554905141E-002
   1.9088371416167091       4.59845260174109940E-002  1.45595652757031964E-002
   1.9189368090326706       4.47722499024820267E-002  1.50239936947596728E-002
   1.9290364764486321       4.35213068519897800E-002  1.54761785282390534E-002
   1.9391361438645933       4.22327164898051860E-002  1.59157292529521523E-002
   1.9492358112805548       4.09075309396597087E-002  1.63422656435717739E-002
   1.9593354786965160       3.95468339662626012E-002  1.67554181008704901E-002
   1.9694351461124775       3.81517400892132513E-002  1.71548279712839882E-002
   1.9795348135284390       3.67233936704412303E-002  1.75401478575252442E-002
   1.9896344809444004       3.52629679759287121E-002  1.79110419199821243E-002
   1.9997341483603619       3.37716642124909344E-002  1.82671861686387015E-002
   2.0098338157763234       3.22507105404110650E-002  1.86082687452683859E-002
   2.0199334831922848       3.07013610627454650E-002  1.89339901956549796E-002
   2.0300331506082463       2.91248947921344606E-002  1.92440637316060557E-002
   2.0401328180242078       2.75226145959721093E-002  1.95382154825314812E-002
   2.0502324854401692       2.58958461208059695E-002  1.98161847363684841E-002
   2.0603321528561307       2.42459366968548196E-002  2.00777241696435405E-002
   2.0704318202720922       2.25742542235483692E-002  2.03226000664702283E-002
   2.0805314876880536       2.08821860370083795E-002  2.05505925262914300E-002
   2.0906311551040146       1.91711377604052505E-002  2.07614956601834474E-002
   2.1007308225199761       1.74425321381380082E-002  2.09551177755491203E-002
   2.1108304899359376       1.56978078547987121E-002  2.11312815490365333E-002
   2.1209301573518990       1.39384183398947401E-002  2.12898241875296677E-002
   2.1310298247678605       1.21658305593139154E-002  2.14305975770671432E-002
   2.1411294921838220       1.03815237945283703E-002  2.15534684195551537E-002
   2.1512291595997834       8.58698841054307375E-003  2.16583183571507805E-002
   2.1613288270157449       6.78372461360428856E-003  2.17450440842019803E-002
   2.1714284944317064       4.97324119969177504E-003  2.18135574466408536E-002
   2.1815281618476678       3.15705429482637193E-003  2.18637855287370959E-002
   2.1916278292636293       1.33668608823158514E-003  2.18956707271289741E-002
   2.2017274966795903      -4.86336440605887686E-004  2.19091708120596543E-002
   2.2118271640955518      -2.31048279992629316E-003  2.19042589757572730E-002
   2.2219268315115133      -4.13422026768247089E-003  2.18809238679077180E-002
   2.2320264989274747      -5.95601517646190265E-003  2.18391696181797976E-002
   2.2421261663434362      -7.77433420028287095E-003  2.17790158457731135E-002
   2.2522258337593972      -9.58764564219999338E-003  2.17004976559697221E-002
   2.2623255011753587      -1.13944207216527642E-002  2.16036656236814097E-002
   2.2724251685913202      -1.31931348604898691E-002  2.14885857639951772E-002
   2.2825248360072816      -1.49822689666019356E-002  2.13553394897303024E-002
   2.2926245034232431      -1.67603107140960710E-002  2.12040235560311437E-002
   2.3027241708392046      -1.85257558189470296E-002  2.10347499920305984E-002
   2.3128238382551660      -2.02771093090620864E-002  2.08476460196299201E-002
   2.3229235056711275      -2.20128867876997689E-002  2.06428539594512989E-002
   2.3330231730870890      -2.37316156891864555E-002  2.04205311240303194E-002
   2.3431228405030504      -2.54318365258794400E-002  2.01808496983261233E-002
   2.3532225079190119      -2.71121041253305980E-002  1.99239966076376410E-002
   2.3633221753349734      -2.87709888566109427E-002  1.96501733730248852E-002
   2.3734218427509344      -3.04070778447635172E-002  1.93595959543447840E-002
   2.3835215101668958      -3.20189761723598809E-002  1.90524945810214251E-002
   2.3936211775828573      -3.36053080671441379E-002  1.87291135706809976E-002
   2.4037208449988188      -3.51647180747580376E-002  1.83897111357919155E-002
   2.4138205124147802      -3.66958722155508940E-002  1.80345591784608107E-002
   2.4239201798307417      -3.81974591244893524E-002  1.76639430735451262E-002
   2.4340198472467032      -3.96681911731939021E-002  1.72781614402530044E-002
   2.4441195146626646      -4.11068055731419121E-002  1.68775259024109697E-002
   2.4542191820786261      -4.25120654590905866E-002  1.64623608375896457E-002
   2.4643188494945876      -4.38827609517876763E-002  1.60330031152872490E-002
   2.4744185169105490      -4.52177101990530947E-002  1.55898018243800542E-002
   2.4845181843265105      -4.65157603943307171E-002  1.51331179900582903E-002
   2.4946178517424720      -4.77757887718265190E-002  1.46633242804749993E-002
   2.5047175191584334      -4.89967035773670179E-002  1.41808047033443272E-002
   2.5148171865743945      -5.01774450141305242E-002  1.36859542927344723E-002
   2.5249168539903559      -5.13169861624230908E-002  1.31791787863090627E-002
   2.5350165214063174      -5.24143338726911906E-002  1.26608942932790944E-002
   2.5451161888222789      -5.34685296309841407E-002  1.21315269533357525E-002
   2.5552158562382403      -5.44786503961010304E-002  1.15915125868423334E-002
   2.5653155236542018      -5.54438094076793869E-002  1.10412963365712786E-002
   2.5754151910701633      -5.63631569645061392E-002  1.04813323012797645E-002
   2.5855148584861247      -5.72358811723553337E-002  9.91208316142462229E-003
   2.5956145259020862      -5.80612086606819358E-002  9.33401979732434439E-003
   2.6057141933180477      -5.88384052675263447E-002  8.74762090008271778E-003
   2.6158138607340087      -5.95667766920104438E-002  8.15337257559514868E-003
   2.6259135281499701      -6.02456691138328199E-002  7.55176794196499995E-003
   2.6360131955659316      -6.08744697791981371E-002  6.94330672066322940E-003
   2.6461128629818931      -6.14526075526437912E-002  6.32849482177033369E-003
   2.6562125303978545      -6.19795534342556242E-002  5.70784392364503262E-003
   2.6663121978138156      -6.24548210417936248E-002  5.08187104736924130E-003
   2.6764118652297770      -6.28779670572783972E-002  4.45109812632373675E-003
   2.6865115326457385      -6.32485916376193946E-002  3.81605157125344645E-003
   2.6966112000617000      -6.35663387888967674E-002  3.17726183118553166E-003
   2.7067108674776614      -6.38308967039397934E-002  2.53526295056734612E-003
   2.7168105348936229      -6.40419980628764707E-002  1.89059212299496574E-003
   2.7269102023095844      -6.41994202963610955E-002  1.24378924190626751E-003
   2.7370098697255458      -6.43029858112185992E-002  5.95396448615496845E-004
   2.7471095371415073      -6.43525621782775892E-002 -5.40423219310974708E-005
   2.7572092045574688      -6.43480622821965831E-002 -7.03981797296679207E-004
   2.7673088719734302      -6.42894444331212761E-002 -1.35387582520843635E-003
   2.7774085393893917      -6.41767124400441230E-002 -2.00317783233989414E-003
   2.7875082068053532      -6.40099156457710206E-002 -2.65134128383413391E-003
   2.7976078742213146      -6.37891489234334308E-002 -3.29782014318016686E-003
   2.8077075416372757      -6.35145526345182732E-002 -3.94206933205407811E-003
   2.8178072090532371      -6.31863125484215110E-002 -4.58354518973628881E-003
   2.8279068764691986      -6.28046597235652343E-002 -5.22170593171633612E-003
   2.8380065438851600      -6.23698703501518945E-002 -5.85601210709697263E-003
   2.8481062113011215      -6.18822655546628075E-002 -6.48592705441014029E-003
   2.8582058787170830      -6.13422111662419237E-002 -7.11091735545844005E-003
   2.8683055461330444      -6.07501174451390222E-002 -7.73045328679715892E-003
   2.8784052135490059      -6.01064387734198957E-002 -8.34400926847365942E-003
   2.8885048809649674      -5.94116733081840043E-002 -8.95106430964304894E-003
   2.8986045483809288      -5.86663625975628947E-002 -9.55110245068145972E-003
   2.9087042157968903      -5.78710911598050576E-002 -1.01436132014210440E-002
   2.9188038832128518      -5.70264860257850975E-002 -1.07280919751338612E-002
   2.9289035506288132      -5.61332162453066844E-002 -1.13040405178952627E-002
   2.9390032180447747      -5.51919923576003335E-002 -1.18709673329611028E-002
   2.9491028854607357      -5.42035658264476763E-002 -1.24283880997971517E-002
   2.9592025528766972      -5.31687284403946497E-002 -1.29758260874034449E-002
   2.9693022202926587      -5.20883116785457040E-002 -1.35128125615809995E-002
   2.9794018877086201      -5.09631860424607716E-002 -1.40388871857932505E-002
   2.9895015551245816      -4.97942603547055496E-002 -1.45535984152798722E-002
   2.9996012225405431      -4.85824810246339722E-002 -1.50565038840861920E-002
   3.0097008899565045      -4.73288312820095286E-002 -1.55471707846772528E-002
   3.0198005573724656      -4.60343303790991185E-002 -1.60251762398117004E-002
   3.0299002247884270      -4.47000327618997384E-002 -1.64901076663570914E-002
   3.0399998922043885      -4.33270272111840118E-002 -1.69415631307348567E-002
   3.0500995596203500      -4.19164359540757925E-002 -1.73791516956901260E-002
   3.0601992270363114      -4.04694137468915582E-002 -1.78024937580887402E-002
   3.0702988944522729      -3.89871469300070161E-002 -1.82112213774512817E-002
   3.0803985618682344      -3.74708524555314657E-002 -1.86049785949415729E-002
   3.0904982292841954      -3.59217768885947628E-002 -1.89834217425350026E-002
   3.1005978967001568      -3.43411953830733419E-002 -1.93462197421001778E-002
   3.1106975641161183      -3.27304106326025204E-002 -1.96930543941357672E-002
   3.1207972315320798      -3.10907517977425420E-002 -2.00236206559128993E-002
   3.1308968989480412      -2.94235734101850159E-002 -2.03376269087823039E-002
   3.1409965663640027      -2.77302542549050235E-002 -2.06347952144142997E-002
   3.1510962337799642      -2.60121962311819672E-002 -2.09148615597488895E-002
   3.1611959011959256      -2.42708231934292140E-002 -2.11775760904425528E-002
   3.1712955686118871      -2.25075797727888327E-002 -2.14227033326077898E-002
   3.1813952360278486      -2.07239301804631737E-002 -2.16500224026511777E-002
   3.1914949034438100      -1.89213569937696988E-002 -2.18593272050254597E-002
   3.2015945708597715      -1.71013599259193481E-002 -2.20504266177212090E-002
   3.2116942382757330      -1.52654545805318165E-002 -2.22231446653336460E-002
   3.2217939056916944      -1.34151711919134158E-002 -2.23773206795504810E-002
   3.2318935731076559      -1.15520533521346960E-002 -2.25128094469169947E-002
   3.2419932405236174      -9.67765672595574666E-003 -2.26294813437449976E-002
   3.2520929079395788      -7.79354775465700839E-003 -2.27272224580429942E-002
   3.2621925753555403      -5.90130234984258522E-003 -2.28059346983554428E-002
   3.2722922427715018      -4.00250457829139008E-003 -2.28655358894098854E-002
   3.2823919101874632      -2.09874533893903738E-003 -2.29059598544814925E-002
   3.2924915776034247      -1.91621033080157863E-004 -2.29271564843955764E-002
   3.3025912450193862       1.71726777111318846E-003 -2.29290917930995881E-002
   3.3126909124353467       3.62631767865613866E-003 -2.29117479597471946E-002
   3.3227905798513082       5.53392381129341662E-003 -2.28751233572481449E-002
   3.3328902472672697       7.43848115341060392E-003 -2.28192325672488122E-002
   3.3429899146832311       9.33838589920257985E-003 -2.27441063815194688E-002
   3.3530895820991926       1.12320367999854103E-002 -2.26497917897356196E-002
   3.3631892495151541       1.31178365105367248E-002 -2.25363519536519279E-002
   3.3732889169311155       1.49941929333491982E-002 -2.24038661676785496E-002
   3.3833885843470770       1.68595205596821576E-002 -2.22524298058809633E-002
   3.3934882517630385       1.87122418062974777E-002 -2.20821542554356098E-002
   3.4035879191789999       2.05507883467679550E-002 -2.18931668365849562E-002
   3.4136875865949614       2.23736024362491612E-002 -2.16856107091467840E-002
   3.4237872540109229       2.41791382286094120E-002 -2.14596447656437220E-002
   3.4338869214268839       2.59658630848168988E-002 -2.12154435111302081E-002
   3.4439865888428454       2.77322588714883737E-002 -2.09531969298051672E-002
   3.4540862562588068       2.94768232485098577E-002 -2.06731103385097877E-002
   3.4641859236747683       3.11980709446467927E-002 -2.03754042272207593E-002
   3.4742855910907298       3.28945350200688658E-002 -2.00603140866602581E-002
   3.4843852585066912       3.45647681147233515E-002 -1.97280902231548663E-002
   3.4944849259226527       3.62073436815003452E-002 -1.93789975608863324E-002
   3.5045845933386142       3.78208572031435569E-002 -1.90133154316877682E-002
   3.5146842607545756       3.94039273918716029E-002 -1.86313373525494493E-002
   3.5247839281705371       4.09551973706867023E-002 -1.82333707910088544E-002
   3.5348835955864986       4.24733358353607260E-002 -1.78197369186098610E-002
   3.5449832630024600       4.39570381961022633E-002 -1.73907703526262822E-002
   3.5550829304184215       4.54050276979230463E-002 -1.69468188862549364E-002
   3.5651825978343830       4.68160565187376448E-002 -1.64882432074933971E-002
   3.5752822652503444       4.81889068442467039E-002 -1.60154166069272942E-002
   3.5853819326663059       4.95223919186712422E-002 -1.55287246746616554E-002
   3.5954816000822665       5.08153570704237417E-002 -1.50285649866401805E-002
   3.6055812674982279       5.20666807118206412E-002 -1.45153467806055769E-002
   3.6156809349141894       5.32752753119607667E-002 -1.39894906219631340E-002
   3.6257806023301509       5.44400883419149106E-002 -1.34514280598185491E-002
   3.6358802697461123       5.55601031913932411E-002 -1.29016012734696501E-002
   3.6459799371620738       5.66343400560796809E-002 -1.23404627096400810E-002
   3.6560796045780353       5.76618567948455063E-002 -1.17684747107512141E-002
   3.6661792719939967       5.86417497560784290E-002 -1.11861091345364788E-002
   3.6762789394099582       5.95731545723882303E-002 -1.05938469653100494E-002
   3.6863786068259197       6.04552469229755265E-002 -9.99217791720926653E-003
   3.6964782742418811       6.12872432629766248E-002 -9.38160002973738825E-003
   3.7065779416578426       6.20684015191244748E-002 -8.76261925594020233E-003
   3.7166776090738041       6.27980217510934469E-002 -8.13574904355669065E-003
   3.7267772764897655       6.34754467779242854E-002 -7.50150990949033543E-003
   3.7368769439057270       6.41000627689546076E-002 -6.86042900795373958E-003
   3.7469766113216885       6.46712997987101690E-002 -6.21303969264504641E-003
   3.7570762787376499       6.51886323652426103E-002 -5.55988107332014078E-003
   3.7671759461536114       6.56515798714302906E-002 -4.90149756712981131E-003
   3.7772756135695729       6.60597070687905796E-002 -4.23843844509593816E-003
   3.7873752809855343       6.64126244633837653E-002 -3.57125737410531746E-003
   3.7974749484014954       6.67099886834218170E-002 -2.90051195480399773E-003
   3.8075746158174568       6.69515028082277863E-002 -2.22676325577888688E-003
   3.8176742832334183       6.71369166582255067E-002 -1.55057534441697888E-003
   3.8277739506493798       6.72660270456730131E-002 -8.72514814835780896E-004
   3.8378736180653412       6.73386779858871076E-002 -1.93150313281417198E-004
   3.8479732854813027       6.73547608687415228E-002  4.86947938606565678E-004
   3.8580729528972642       6.73142145902553279E-002  1.16720862226246799E-003
   3.8681726203132256       6.72170256441237957E-002  1.84705980199070482E-003
   3.8782722877291866       6.70632281730788454E-002  2.52592940568650533E-003
   3.8883719551451481       6.68529039800015989E-002  3.20324570607533575E-003
   3.8984716225611096       6.65861824987451223E-002  3.87843780206455560E-003
   3.9085712899770706       6.62632407246609711E-002  4.55093609980039213E-003
   3.9186709573930321       6.58843031048584882E-002  5.22017279302325853E-003
   3.9287706248089935       6.54496413882616340E-002  5.88558234231472376E-003
   3.9388702922249550       6.49595744355633276E-002  6.54660195283010993E-003
   3.9489699596409165       6.44144679892127425E-002  7.20267205011168934E-003
   3.9590696270568779       6.38147344036061326E-002  7.85323675357883083E-003
   3.9691692944728394       6.31608323356868950E-002  8.49774434729316450E-003
   3.9792689618888009       6.24532663961950910E-002  9.13564774759890487E-003
   3.9893686293047623       6.16925867618413892E-002  9.76640496724091520E-003
   3.9994682967207238       6.08793887487144858E-002  1.03894795755658572E-002
   4.0095679641366857       6.00143123472648421E-002  1.10043411544148984E-002
   4.0196676315526467       5.90980417192411081E-002  1.16104657493198999E-002
   4.0297672989686077       5.81313046569886249E-002  1.22073363156188480E-002
   4.0398669663845697       5.71148720055519310E-002  1.27944431591103629E-002
   4.0499666338005307       5.60495570480553235E-002  1.33712843708716431E-002
   4.0600663012164926       5.49362148548671395E-002  1.39373662558689576E-002
   4.0701659686324536       5.37757415970843491E-002  1.44922037549949159E-002
   4.0802656360484155       5.25690738249046247E-002  1.50353208601721501E-002
   4.0903653034643765       5.13171877114828451E-002  1.55662510221688099E-002
   4.1004649708803385       5.00210982628981823E-002  1.60845375507772496E-002
   4.1105646382962995       4.86818584948865846E-002  1.65897340070136484E-002
   4.1206643057122614       4.73005585770213260E-002  1.70814045870028991E-002
   4.1307639731282224       4.58783249450515074E-002  1.75591244972200175E-002
   4.1408636405441843       4.44163193821349167E-002  1.80224803207664451E-002
   4.1509633079601453       4.29157380697274132E-002  1.84710703743671302E-002
   4.1610629753761073       4.13778106089160991E-002  1.89045050557818915E-002
   4.1711626427920674       3.98037990130077485E-002  1.93224071813325841E-002
   4.1812623102080293       3.81949966722075415E-002  1.97244123132557375E-002
   4.1913619776239903       3.65527272912458887E-002  2.01101690765987870E-002
   4.2014616450399522       3.48783438008330449E-002  2.04793394653867075E-002
   4.2115613124559133       3.31732272438424597E-002  2.08315991377946812E-002
   4.2216609798718752       3.14387856371440427E-002  2.11666377000715999E-002
   4.2317606472878362       2.96764528100282379E-002  2.14841589789684581E-002
   4.2418603147037981       2.78876872201803891E-002  2.17838812824352156E-002
   4.2519599821197591       2.60739707481829515E-002  2.20655376483593936E-002
   4.2620596495357210       2.42368074715401151E-002  2.23288760811295485E-002
   4.2721593169516821       2.23777224192357252E-002  2.25736597758167921E-002
   4.2822589843676440       2.04982603078509192E-002  2.27996673297777772E-002
   4.2923586517836050       1.85999842602824796E-002  2.30066929414928754E-002
   4.3024583191995669       1.66844745081167860E-002  2.31945465964638470E-002
   4.3125579866155279       1.47533270787272401E-002  2.33630542400059121E-002
   4.3226576540314898       1.28081524681752761E-002  2.35120579367799551E-002
   4.3327573214474508       1.08505743010063951E-002  2.36414160169214523E-002
   4.3428569888634128       8.88222797804327086E-003  2.37510032086337940E-002
   4.3529566562793738       6.90475931328769776E-003  2.38407107571247771E-002
   4.3630563236953357       4.91982316105209552E-003  2.39104465297762456E-002
   4.3731559911112967       2.92908203444940422E-003  2.39601351074482175E-002
   4.3832556585272586       9.34204716377502135E-004  2.39897178618302225E-002
   4.3933553259432196      -1.06313513585922208E-003  2.39991530187640585E-002
   4.4034549933591807      -3.06126039114283394E-003  2.39884157074736586E-002
   4.4135546607751426      -5.05849184919617695E-003  2.39574979956494599E-002
   4.4236543281911036      -7.05314964814132347E-003  2.39064089103462260E-002
   4.4337539956070655      -9.04355467380169552E-003  2.38351744446649930E-002
   4.4438536630230265      -1.10280299695849592E-002  2.37438375502015339E-002
   4.4539533304389876      -1.30049021457822080E-002  2.36324581152554704E-002
   4.4640529978549495      -1.49725027871181610E-002  2.35011129288059464E-002
   4.4741526652709105      -1.69291698573871656E-002  2.33498956302714972E-002
   4.4842523326868724      -1.88732491000106403E-002  2.31789166450835672E-002
   4.4943520001028334      -2.08030954333533226E-002  2.29883031061148650E-002
   4.5044516675187944      -2.27170743396382172E-002  2.27781987610154897E-002
   4.5145513349347564      -2.46135632463035381E-002  2.25487638655214734E-002
   4.5246510023507174      -2.64909528986491463E-002  2.23001750628120769E-002
   4.5347506697666793      -2.83476487226251017E-002  2.20326252490038212E-002
   4.5448503371826403      -3.01820721766208680E-002  2.17463234248808056E-002
   4.5549500045986022      -3.19926620911205398E-002  2.14414945339723925E-002
   4.5650496720145632      -3.37778759950970939E-002  2.11183792871008393E-002
   4.5751493394305252      -3.55361914280273028E-002  2.07772339735327709E-002
   4.5852490068464862      -3.72661072364183013E-002  2.04183302588797563E-002
   4.5953486742624481      -3.89661448537471575E-002  2.00419549699043797E-002
   4.6054483416784091      -4.06348495627260400E-002  1.96484098663993571E-002
   4.6155480090943710      -4.22707917388176826E-002  1.92380114003181980E-002
   4.6256476765103320      -4.38725680739387724E-002  1.88110904623467710E-002
   4.6357473439262940      -4.54388027793030044E-002  1.83679921161158631E-002
   4.6458470113422550      -4.69681487663701699E-002  1.79090753202654392E-002
   4.6559466787582169      -4.84592888048835310E-002  1.74347126385817029E-002
   4.6660463461741779      -4.99109366569943508E-002  1.69452899384383571E-002
   4.6761460135901398      -5.13218381864899709E-002  1.64412060777835954E-002
   4.6862456810061008      -5.26907724421604162E-002  1.59228725809242577E-002
   4.6963453484220627      -5.40165527143577559E-002  1.53907133033683325E-002
   4.7064450158380238      -5.52980275638228908E-002  1.48451640859965702E-002
   4.7165446832539857      -5.65340818218755189E-002  1.42866723988432920E-002
   4.7266443506699467      -5.77236375610851934E-002  1.37156969747755982E-002
   4.7367440180859086      -5.88656550355642974E-002  1.31327074333691396E-002
   4.7468436855018687      -5.99591335900477099E-002  1.25381838952872259E-002
   4.7569433529178307      -6.10031125369485464E-002  1.19326165874785433E-002
   4.7670430203337917      -6.19966720006049979E-002  1.13165054395168961E-002
   4.7771426877497536      -6.29389337279596395E-002  1.06903596714143373E-002
   4.7872423551657146      -6.38290618649398900E-002  1.00546973732467074E-002
   4.7973420225816765      -6.46662636978361655E-002  9.41004507693798779E-003
   4.8074416899976375      -6.54497903590033347E-002  8.75693732055698310E-003
   4.8175413574135995      -6.61789374962402505E-002  8.09591620548665014E-003
   4.8276410248295605      -6.68530459052328330E-002  7.42753094683292446E-003
   4.8377406922455224      -6.74715021244768898E-002  6.75233741744607138E-003
   4.8478403596614834      -6.80337389921286395E-002  6.07089768593352050E-003
   4.8579400270774444      -6.85392361642631204E-002  5.38377954904869453E-003
   4.8680396944934063      -6.89875205940538166E-002  4.69155605884560151E-003
   4.8781393619093674      -6.93781669714199911E-002  3.99480504499386858E-003
   4.8882390293253293      -6.97107981227226420E-002  3.29410863265348691E-003
   4.8983386967412903      -6.99850853701242531E-002  2.59005275631276006E-003
   4.9084383641572522      -7.02007488502627008E-002  1.88322666999683752E-003
   4.9185380315732132      -7.03575577919250961E-002  1.17422245425774789E-003
   4.9286376989891751      -7.04553307524432570E-002  4.63634520360019166E-004
   4.9387373664051362      -7.04939358125684923E-002 -2.47940887921216900E-004
   4.9488370338210981      -7.04732907296201361E-002 -9.59906194470291061E-004
   4.9589367012370591      -7.03933630487389300E-002 -1.67166299254781193E-003
   4.9690363686530210      -7.02541701721131756E-002 -2.38261254763110332E-003
   4.9791360360689820      -7.00557793860830391E-002 -3.09215630095380396E-003
   4.9892357034849439      -6.97983078460653744E-002 -3.79969637331920886E-003
   4.9993353709009050      -6.94819225192789131E-002 -4.50463606876135968E-003
   5.0094350383168669      -6.91068400852870440E-002 -5.20638037762767743E-003
   5.0195347057328279      -6.86733267944128201E-002 -5.90433647865710749E-003
   5.0296343731487889      -6.81816982841179919E-002 -6.59791423962830925E-003
   5.0397340405647499      -6.76323193534752315E-002 -7.28652671615332911E-003
   5.0498337079807118      -6.70256036958998130E-002 -7.96959064819352005E-003
   5.0599333753966729      -6.63620135903435771E-002 -8.64652695387614287E-003
   5.0700330428126348      -6.56420595511910815E-002 -9.31676122019212474E-003
   5.0801327102285958      -6.48662999371337895E-002 -9.97972419015788828E-003
   5.0902323776445577      -6.40353405193344744E-002 -1.06348522460269386E-002
   5.1003320450605187      -6.31498340092294386E-002 -1.12815878881400555E-002
   5.1104317124764806      -6.22104795463516783E-002 -1.19193802090064426E-002
   5.1205313798924417      -6.12180221465926655E-002 -1.25476853622120653E-002
   5.1306310473084036      -6.01732521113549843E-002 -1.31659670257556118E-002
   5.1407307147243646      -5.90770043980818130E-002 -1.37736968594170950E-002
   5.1508303821403265      -5.79301579526825122E-002 -1.43703549557690109E-002
   5.1609300495562875      -5.67336350044063270E-002 -1.49554302844452178E-002
   5.1710297169722494      -5.54884003237483200E-002 -1.55284211292882682E-002
   5.1811293843882105      -5.41954604440030990E-002 -1.60888355180018525E-002
   5.1912290518041724      -5.28558628471127029E-002 -1.66361916439411762E-002
   5.2013287192201334      -5.14706951144851682E-002 -1.71700182796806870E-002
   5.2114283866360953      -5.00410840434896975E-002 -1.76898551820053387E-002
   5.2215280540520563      -4.85681947303629319E-002 -1.81952534879787596E-002
   5.2316277214680174      -4.70532296202889749E-002 -1.86857761017490756E-002
   5.2417273888839793      -4.54974275254426755E-002 -1.91609980717608597E-002
   5.2518270562999403      -4.39020626118123633E-002 -1.96205069580496390E-002
   5.2619267237159022      -4.22684433556435452E-002 -2.00639031893036571E-002
   5.2720263911318632      -4.05979114703699934E-002 -2.04908004093860598E-002
   5.2821260585478251      -3.88918408049225839E-002 -2.09008258130194413E-002
   5.2922257259637862      -3.71516362143292714E-002 -2.12936204703436764E-002
   5.3023253933797481      -3.53787324035419806E-002 -2.16688396400671890E-002
   5.3124250607957091      -3.35745927454475790E-002 -2.20261530709412595E-002
   5.3225247282116701      -3.17407080740406550E-002 -2.23652452912966315E-002
   5.3326243956276311      -2.98785954537556173E-002 -2.26858158863915624E-002
   5.3427240630435930      -2.79897969259745166E-002 -2.29875797633305526E-002
   5.3528237304595541      -2.60758782337449611E-002 -2.32702674033231950E-002
   5.3629233978755160      -2.41384275257597106E-002 -2.35336251010631256E-002
   5.3730230652914770      -2.21790540406658666E-002 -2.37774151910175868E-002
   5.3831227327074389      -2.01993867727869973E-002 -2.40014162604289469E-002
   5.3932224001233999      -1.82010731203561676E-002 -2.42054233488404671E-002
   5.4033220675393618      -1.61857775173715884E-002 -2.43892481339696605E-002
   5.4134217349553229      -1.41551800501995180E-002 -2.45527191037638592E-002
   5.4235214023712848      -1.21109750600610928E-002 -2.46956817144839275E-002
   5.4336210697872458      -1.00548697325509653E-002 -2.48179985346735493E-002
   5.4437207372032077      -7.98858267534602665E-003 -2.49195493748831307E-002
   5.4538204046191687      -5.91384248527199521E-003 -2.50002314030290385E-002
   5.4639200720351306      -3.83238630590433064E-003 -2.50599592452806670E-002
   5.4740197394510917      -1.74595837688782144E-003 -2.50986650723797854E-002
   5.4841194068670536       3.43691423833841422E-004 -2.51162986713084659E-002
   5.4942190742830146       2.43480904368096772E-003 -2.51128275022340260E-002
   5.5043187416989765       4.52563772379039903E-003 -2.50882367406714719E-002
   5.5144184091149375       6.61441947085029090E-003 -2.50425293048160587E-002
   5.5245180765308994       8.69939653120609807E-003 -2.49757258680108098E-002
   5.5346177439468605       1.07788128660238937E-002 -2.48878648563260613E-002
   5.5447174113628224       1.28509156262951105E-002 -2.47790024312403330E-002
   5.5548170787787834       1.49139566264657030E-002 -2.46492124574241717E-002
   5.5649167461947453       1.69661938154723503E-002 -2.44985864556407952E-002
   5.5750164136107063       1.90058927439688830E-002 -2.43272335407897812E-002
   5.5851160810266673       2.10313280265275356E-002 -2.41352803451322616E-002
   5.5952157484426293       2.30407847976017918E-002 -2.39228709267483436E-002
   5.6053154158585903       2.50325601600408093E-002 -2.36901666632898245E-002
   5.6154150832745513       2.70049646249492861E-002 -2.34373461311033655E-002
   5.6255147506905132       2.89563235416915553E-002 -2.31646049698115732E-002
   5.6356144181064742       3.08849785168444253E-002 -2.28721557324515143E-002
   5.6457140855224361       3.27892888209098746E-002 -2.25602277212822722E-002
   5.6558137529383972       3.46676327816062974E-002 -2.22290668093851791E-002
   5.6659134203543591       3.65184091625653726E-002 -2.18789352481922744E-002
   5.6760130877703201       3.83400385262710336E-002 -2.15101114610903657E-002
   5.6861127551862811       4.01309645800872264E-002 -2.11228898232598793E-002
   5.6962124226022430       4.18896555042323898E-002 -2.07175804279192688E-002
   5.7063120900182041       4.36146052605706908E-002 -2.02945088391573228E-002
   5.7164117574341660       4.53043348811031088E-002 -1.98540158315471185E-002
   5.7265114248501270       4.69573937350555373E-002 -1.93964571167466356E-002
   5.7366110922660889       4.85723607734759658E-002 -1.89222030573022240E-002
   5.7467107596820499       5.01478457502687602E-002 -1.84316383678820271E-002
   5.7568104270980118       5.16824904186109768E-002 -1.79251618041773794E-002
   5.7669100945139729       5.31749697017133843E-002 -1.74031858397207945E-002
   5.7770097619299348       5.46239928369078448E-002 -1.68661363308796643E-002
   5.7871094293458958       5.60283044920622669E-002 -1.63144521702950351E-002
   5.7972090967618577       5.73866858533452276E-002 -1.57485849290449897E-002
   5.8073087641778187       5.86979556833839844E-002 -1.51689984878219438E-002
   5.8174084315937806       5.99609713488821819E-002 -1.45761686574229221E-002
   5.8275080990097416       6.11746298167872363E-002 -1.39705827888612199E-002
   5.8376077664257036       6.23378686181218084E-002 -1.33527393734171121E-002
   5.8477074338416646       6.34496667786192264E-002 -1.27231476329541827E-002
   5.8578071012576265       6.45090457153291164E-002 -1.20823271008365513E-002
   5.8679067686735875       6.55150700983866408E-002 -1.14308071937906756E-002
   5.8780064360895494       6.64668486771670536E-002 -1.07691267750635710E-002
   5.8881061035055104       6.73635350700760166E-002 -1.00978337092371487E-002
   5.8982057709214715       6.82043285172561631E-002 -9.41748440906592724E-003
   5.9083054383374325       6.89884745955209877E-002 -8.72864337471266662E-003
   5.9184051057533944       6.97152658948585052E-002 -8.03188272576340137E-003
   5.9285047731693554       7.03840426558794419E-002 -7.32778172641001223E-003
   5.9386044405853173       7.09941933676175446E-002 -6.61692630419478782E-003
   5.9487041080012784       7.15451553251233718E-002 -5.89990856271739583E-003
   5.9588037754172403       7.20364151463272068E-002 -5.17732628871034849E-003
   5.9689034428332013       7.24675092476815830E-002 -4.44978245389431731E-003
   5.9790031102491632       7.28380242781296455E-002 -3.71788471202962436E-003
   5.9891027776651242       7.31475975109815851E-002 -2.98224489158479145E-003
   5.9992024450810861       7.33959171933180193E-002 -2.24347848444726976E-003
   6.0093021124970472       7.35827228525764016E-002 -1.50220413110531284E-003
   6.0194017799130091       7.37078055600139392E-002 -7.59043102733426844E-004
   6.0295014473289701       7.37710081507785970E-002 -1.46187806169337112E-005
   6.0396011147449311       7.37722254003579242E-002  7.30443866646109585E-004
   6.0497007821608930       7.37114041572141526E-002  1.47551880772506640E-003
   6.0598004495768540       7.35885434314526576E-002  2.21997947447644551E-003
   6.0699001169928160       7.34036944394101387E-002  2.96319928875914997E-003
   6.0799997844087770       7.31569606040878700E-002  3.70455218970004935E-003
   6.0900994518247389       7.28484975113947303E-002  4.44341316096392904E-003
   6.1001991192406999       7.24785128222040220E-002  5.17915875758150936E-003
   6.1102987866566618       7.20472661402674630E-002  5.91116763188926590E-003
   6.1203984540726228       7.15550688360691023E-002  6.63882105813522628E-003
   6.1304981214885848       7.10022838267408141E-002  7.36150345530574984E-003
   6.1405977889045458       7.03893253122004625E-002  8.07860290772952939E-003
   6.1506974563205077       6.97166584677123974E-002  8.78951168301666912E-003
   6.1607971237364687       6.89847990931086036E-002  9.49362674689273496E-003
   6.1708967911524306       6.81943132189472834E-002  1.01903502744900495E-002
   6.1809964585683908       6.73458166699234945E-002  1.08790901576613190E-002
   6.1910961259843527       6.64399745858840624E-002  1.15592605078838565E-002
   6.2011957934003137       6.54775009008363995E-002  1.22302821543262153E-002
   6.2112954608162756       6.44591577803772381E-002  1.28915831366529770E-002
   6.2213951282322366       6.33857550180038642E-002  1.35425991921477688E-002
   6.2314947956481985       6.22581493908058795E-002  1.41827742367392155E-002
   6.2415944630641595       6.10772439750706941E-002  1.48115608395195959E-002
   6.2516941304801215       5.98439874223705287E-002  1.54284206903513438E-002
   6.2617937978960825       5.85593731967324685E-002  1.60328250601622646E-002
   6.2718934653120444       5.72244387735262872E-002  1.66242552535364289E-002
   6.2819931327280054       5.58402648007373104E-002  1.72022030532140921E-002
   6.2920928001439673       5.44079742233232674E-002  1.77661711561207560E-002
   6.3021924675599283       5.29287313713850960E-002  1.83156736005525220E-002
   6.3122921349758903       5.14037410129119035E-002  1.88502361841522761E-002
   6.3223918023918513       4.98342473718896423E-002  1.93693968723189017E-002
   6.3324914698078132       4.82215331125917662E-002  1.98727061966997368E-002
   6.3425911372237742       4.65669182908978047E-002  2.03597276434246861E-002
   6.3526908046397361       4.48717592735127999E-002  2.08300380307490061E-002
   6.3627904720556971       4.31374476259865497E-002  2.12832278757805679E-002
   6.3728901394716591       4.13654089704569225E-002  2.17189017499764860E-002
   6.3829898068876201       3.95571018140656733E-002  2.21366786231033293E-002
   6.3930894743035820       3.77140163490188030E-002  2.25361921953647175E-002
   6.4031891417195430       3.58376732252859223E-002  2.29170912174099378E-002
   6.4132888091355040       3.39296222969548422E-002  2.32790397979472305E-002
   6.4233884765514659       3.19914413432783110E-002  2.36217176986956642E-002
   6.4334881439674270       3.00247347654697232E-002  2.39448206164200143E-002
   6.4435878113833889       2.80311322603235963E-002  2.42480604518037143E-002
   6.4536874787993499       2.60122874717546686E-002  2.45311655649258081E-002
   6.4637871462153118       2.39698766213666675E-002  2.47938810171189107E-002
   6.4738868136312728       2.19055971191780552E-002  2.50359687989963435E-002
   6.4839864810472347       1.98211661556475204E-002  2.52572080444480838E-002
   6.4940861484631958       1.77183192761564100E-002  2.54573952304166344E-002
   6.5041858158791577       1.55988089391189758E-002  2.56363443622756315E-002
   6.5142854832951187       1.34644030589040620E-002  2.57938871446458592E-002
   6.5243851507110806       1.13168835347636897E-002  2.59298731374952435E-002
   6.5344848181270416       9.15804476697503790E-003  2.60441698973815257E-002
   6.5445844855430035       6.98969216141242643E-003  2.61366631037084594E-002
   6.5546841529589646       4.81364062377519393E-003  2.62072566698786785E-002
   6.5647838203749265       2.63171304470575032E-003  2.62558728392387683E-002
   6.5748834877908875       4.45738777039657221E-004  2.62824522657245443E-002
   6.5849831552068494      -1.74244789356374323E-003  2.62869540791270430E-002
   6.5950828226228104      -3.93100928335577554E-003  2.62693559349124056E-002
   6.6051824900387723      -6.11810584933860334E-003  2.62296540485414571E-002
   6.6152821574547316      -8.30189773094764522E-003  2.61678632142474873E-002
   6.6253818248706935      -1.04805462933094846E-002  2.60840168082435916E-002
   6.6354814922866545      -1.26522156708060995E-002  2.59781667763435802E-002
   6.6455811597026164      -1.48150743096746931E-002  2.58503836059934232E-002
   6.6556808271185774      -1.69672965083716952E-002  2.57007562827229544E-002
   6.6657804945345394      -1.91070639544296886E-002  2.55293922310403966E-002
   6.6758801619505004      -2.12325672565370632E-002  2.53364172398051514E-002
   6.6859798293664623      -2.33420074705721105E-002  2.51219753721270943E-002
   6.6960794967824233      -2.54335976183260766E-002  2.48862288598534279E-002
   6.7061791641983852      -2.75055641976533830E-002  2.46293579827169470E-002
   6.7162788316143462      -2.95561486827918517E-002  2.43515609322322718E-002
   6.7263784990303082      -3.15836090136012090E-002  2.40530536604393677E-002
   6.7364781664462692      -3.35862210724746368E-002  2.37340697136062331E-002
   6.7465778338622311      -3.55622801476853864E-002  2.33948600510152857E-002
   6.7566775012781921      -3.75101023819388590E-002  2.30356928489704148E-002
   6.7667771686941540      -3.94280262049096358E-002  2.26568532901741705E-002
   6.7768768361101150      -4.13144137485532484E-002  2.22586433386367730E-002
   6.7869765035260770      -4.31676522439934998E-002  2.18413815002909614E-002
   6.7970761709420380      -4.49861553987983206E-002  2.14054025694987472E-002
   6.8071758383579999      -4.67683647534701818E-002  2.09510573616481267E-002
   6.8172755057739609      -4.85127510159911457E-002  2.04787124320497047E-002
   6.8273751731899228      -5.02178153732777896E-002  1.99887497813548490E-002
   6.8374748406058838      -5.18820907784171212E-002  1.94815665477285870E-002
   6.8475745080218458      -5.35041432125718808E-002  1.89575746860218552E-002
   6.8576741754378068      -5.50825729204615089E-002  1.84172006341989103E-002
   6.8677738428537678      -5.66160156183443466E-002  1.78608849672868067E-002
   6.8778735102697297      -5.81031436734465237E-002  1.72890820391246522E-002
   6.8879731776856907      -5.95426672538043322E-002  1.67022596122010196E-002
   6.8980728451016526      -6.09333354475088546E-002  1.61008984758783391E-002
   6.9081725125176137      -6.22739373503648636E-002  1.54854920533132861E-002
   6.9182721799335756      -6.35633031210001004E-002  1.48565459973921832E-002
   6.9283718473495366      -6.48003050024862776E-002  1.42145777760101389E-002
   6.9384715147654985      -6.59838583095591347E-002  1.35601162470321661E-002
   6.9485711821814595      -6.71129223805522757E-002  1.28937012232836958E-002
   6.9586708495974214      -6.81865014931872099E-002  1.22158830279268833E-002
   6.9687705170133825      -6.92036457433914676E-002  1.15272220405877347E-002
   6.9788701844293444      -7.01634518863463175E-002  1.08282882346074673E-002
   6.9889698518453054      -7.10650641389966448E-002  1.01196607057995585E-002
   6.9990695192612673      -7.19076749432872586E-002  9.40192719310172474E-003
   7.0091691866772283      -7.26905256894224694E-002  8.67568359151946016E-003
   7.0192688540931902      -7.34129073984794434E-002  7.94153345776489258E-003
   7.0293685215091513      -7.40741613637397323E-002  7.20008750900147636E-003
   7.0394681889251132      -7.46736797501388466E-002  6.45196311511144534E-003
   7.0495678563410742      -7.52109061512690746E-002  5.69778378490902980E-003
   7.0596675237570361      -7.56853361034075939E-002  4.93817864672812471E-003
   7.0697671911729971      -7.60965175560787688E-002  4.17378192381845023E-003
   7.0798668585889590      -7.64440512986974269E-002  3.40523240498918477E-003
   7.0899665260049201      -7.67275913428781681E-002  2.63317291094364650E-003
   7.1000661934208820      -7.69468452600346325E-002  1.85824975675277608E-003
   7.1101658608368430      -7.71015744739320386E-002  1.08111221091897842E-003
   7.1202655282528040      -7.71915945078959082E-002  3.02411951485283834E-004
   7.1303651956687659      -7.72167751864202834E-002 -4.77197480352219323E-004
   7.1404648630847269      -7.71770407909591338E-002 -1.25706122866812682E-003
   7.1505645305006889      -7.70723701697253460E-002 -2.03652367280490266E-003
   7.1606641979166499      -7.69027968013629437E-002 -2.81492897847899527E-003
   7.1707638653326118      -7.66684088123991136E-002 -3.59162164953002322E-003
   7.1808635327485728      -7.63693489484241622E-002 -4.36594707984622014E-003
   7.1909632001645329      -7.60058144989888412E-002 -5.13725210499880753E-003
   7.2010628675804949      -7.55780571762497966E-002 -5.90488555311785394E-003
   7.2111625349964559      -7.50863829474355537E-002 -6.66819879454249361E-003
   7.2212622024124178      -7.45311518212463942E-002 -7.42654628977910958E-003
   7.2313618698283788      -7.39127775883429844E-002 -8.17928613530222517E-003
   7.2414615372443407      -7.32317275161192827E-002 -8.92578060673441739E-003
   7.2515612046603017      -7.24885219979961720E-002 -9.66539669894353297E-003
   7.2616608720762637      -7.16837341575125714E-002 -1.03975066625978975E-002
   7.2717605394922247      -7.08179894075309097E-002 -1.11214885367229687E-002
   7.2818602069081866      -6.98919649649134833E-002 -1.18367266768061100E-002
   7.2919598743241476      -6.89063893210654366E-002 -1.25426122779997637E-002
   7.3020595417401095      -6.78620416687789885E-002 -1.32385438929772808E-002
   7.3121592091560705      -6.67597512858515152E-002 -1.39239279440000648E-002
   7.3222588765720324      -6.56003968759880374E-002 -1.45981792287594690E-002
   7.3323585439879935      -6.43849058675354108E-002 -1.52607214195620237E-002
   7.3424582114039545      -6.31142536706320867E-002 -1.59109875554321149E-002
   7.3525578788199164      -6.17894628933930434E-002 -1.65484205267121230E-002
   7.3626575462358774      -6.04116025177843172E-002 -1.71724735517462812E-002
   7.3727572136518393      -5.89817870358759419E-002 -1.77826106452411599E-002
   7.3828568810678004      -5.75011755471955543E-002 -1.83783070779025733E-002
   7.3929565484837623      -5.59709708179375390E-002 -1.89590498269560613E-002
   7.4030562158997233      -5.43924183028144867E-002 -1.95243380171657120E-002
   7.4131558833156852      -5.27668051303686880E-002 -2.00736833519739900E-002
   7.4232555507316462      -5.10954590525915658E-002 -2.06066105343935616E-002
   7.4333552181476081      -4.93797473597281378E-002 -2.11226576772906120E-002
   7.4434548855635692      -4.76210757611719993E-002 -2.16213767027080665E-002
   7.4535545529795311      -4.58208872333837267E-002 -2.21023337298862053E-002
   7.4636542203954921      -4.39806608357921555E-002 -2.25651094516476532E-002
   7.4737538878114540      -4.21019104956635165E-002 -2.30092994988233546E-002
   7.4838535552274150      -4.01861837629481494E-002 -2.34345147924061303E-002
   7.4939532226433769      -3.82350605361381699E-002 -2.38403818831286161E-002
   7.5040528900593380      -3.62501517601922577E-002 -2.42265432781727623E-002
   7.5141525574752999      -3.42330980976055868E-002 -2.45926577547288319E-002
   7.5242522248912609      -3.21855685737237329E-002 -2.49384006601326286E-002
   7.5343518923072228      -3.01092591974194759E-002 -2.52634641983208591E-002
   7.5444515597231838      -2.80058915582702336E-002 -2.55675577023557719E-002
   7.5545512271391457      -2.58772114013920800E-002 -2.58504078927817814E-002
   7.5646508945551068      -2.37249871811033644E-002 -2.61117591215883661E-002
   7.5747505619710687      -2.15510085946071378E-002 -2.63513736015654580E-002
   7.5848502293870297      -1.93570850968969449E-002 -2.65690316208495175E-002
   7.5949498968029907      -1.71450443981047834E-002 -2.67645317424706417E-002
   7.6050495642189526      -1.49167309445236256E-002 -2.69376909887233916E-002
   7.6151492316349136      -1.26740043845493065E-002 -2.70883450101964615E-002
   7.6252488990508756      -1.04187380207983165E-002 -2.72163482393088449E-002
   7.6353485664668366      -8.15281724966874545E-003 -2.73215740282129402E-002
   7.6454482338827985      -5.87813798962149876E-003 -2.74039147709377075E-002
   7.6555479012987595      -3.59660509946786635E-003 -2.74632820096580126E-002
   7.6656475687147214      -1.31013078795763063E-003 -2.74996065249891904E-002
   7.6757472361306824       9.79366984030888635E-004 -2.75128384102189746E-002
   7.6858469035466443       3.26996610739111035E-003 -2.75029471294020895E-002
   7.6959465709626054       5.55974193346558780E-003 -2.74699215592559727E-002
   7.7060462383785673       7.84676888618270930E-003 -2.74137700148093973E-002
   7.7161459057945283       1.01291220763311852E-002 -2.73345202587690385E-002
   7.7262455732104902       1.24048789166479254E-002 -2.72322194945824221E-002
   7.7363452406264512       1.46721207363929643E-002 -2.71069343431890077E-002
   7.7464449080424131       1.69289343940839630E-002 -2.69587508034646074E-002
   7.7565445754583733       1.91734138870626285E-002 -2.67877741963777304E-002
   7.7666442428743343       2.14036619565660322E-002 -2.65941290928898219E-002
   7.7767439102902962       2.36177916869774115E-002 -2.63779592256448391E-002
   7.7868435777062572       2.58139280979334737E-002 -2.61394273845069088E-002
   7.7969432451222191       2.79902097279686110E-002 -2.58787152960182378E-002
   7.8070429125381802       3.01447902083807409E-002 -2.55960234868627470E-002
   7.8171425799541412       3.22758398260086649E-002 -2.52915711314341714E-002
   7.8272422473701031       3.43815470736170761E-002 -2.49655958836206421E-002
   7.8373419147860641       3.64601201865923652E-002 -2.46183536929308888E-002
   7.8474415822020260       3.85097886646605034E-002 -2.42501186051003251E-002
   7.8575412496179871       4.05288047773472992E-002 -2.38611825473282919E-002
   7.8676409170339490       4.25154450519113700E-002 -2.34518550983106554E-002
   7.8777405844499100       4.44680117424911120E-002 -2.30224632432447680E-002
   7.8878402518658719       4.63848342792191268E-002 -2.25733511139965398E-002
   7.8979399192818329       4.82642706960704007E-002 -2.21048797146319413E-002
   7.9080395866977948       5.01047090362247843E-002 -2.16174266325276990E-002
   7.9181392541137559       5.19045687337393452E-002 -2.11113857352883127E-002
   7.9282389215297178       5.36623019703422535E-002 -2.05871668537086355E-002
   7.9383385889456788       5.53763950061772411E-002 -2.00451954510332889E-002
   7.9484382563616407       5.70453694833457439E-002 -1.94859122787759929E-002
   7.9585379237776017       5.86677837011133629E-002 -1.89097730193735665E-002
   7.9686375911935636       6.02422338616675282E-002 -1.83172479159607604E-002
   7.9787372586095247       6.17673552853348351E-002 -1.77088213895633499E-002
   7.9888369260254866       6.32418235941890755E-002 -1.70849916440179404E-002
   7.9989365934414476       6.46643558630045634E-002 -1.64462702589377278E-002
   8.0090362608574086       6.60337117365340925E-002 -1.57931817710540053E-002
   8.0191359282733714       6.73486945121167246E-002 -1.51262632442735433E-002
   8.0292355956893324       6.86081521866472727E-002 -1.44460638288019787E-002
   8.0393352631052934       6.98109784669673217E-002 -1.37531443096931740E-002
   8.0494349305212545       7.09561137427665856E-002 -1.30480766451939595E-002
   8.0595345979372155       7.20425460211132490E-002 -1.23314434952628872E-002
   8.0696342653531783       7.30693118217629473E-002 -1.16038377406505484E-002
   8.0797339327691393       7.40354970324279549E-002 -1.08658619929375647E-002
   8.0898336001851003       7.49402377232210037E-002 -1.01181280959346427E-002
   8.0999332676010614       7.57827209195220397E-002 -9.36125661885702474E-003
   8.1100329350170242       7.65621853325509222E-002 -8.59587634169322982E-003
   8.1201326024329852       7.72779220469646949E-002 -7.82262373319526569E-003
   8.1302322698489462       7.79292751648344439E-002 -7.04214242192432918E-003
   8.1403319372649072       7.85156424053942009E-002 -6.25508266079255904E-003
   8.1504316046808700       7.90364756599921392E-002 -5.46210078554752038E-003
   8.1605312720968310       7.94912815017131819E-002 -4.66385866765186945E-003
   8.1706309395127921       7.98796216491817063E-002 -3.86102316201599946E-003
   8.1807306069287531       8.02011133840928453E-002 -3.05426555004643203E-003
   8.1908302743447159       8.04554299220617414E-002 -2.24426097847728193E-003
   8.2009299417606769       8.06423007364213545E-002 -1.43168789445626715E-003
   8.2110296091766379       8.07615118346409061E-002 -6.17227477360470411E-004
   8.2211292765925990       8.08129059870794503E-002  1.98436932179635317E-004
   8.2312289440085618       8.07963829078314072E-002  1.01462040556649568E-003
   8.2413286114245228       8.07118993874638424E-002  1.83063700134826306E-003
   8.2514282788404838       8.05594693774883269E-002  2.64580034167218861E-003
   8.2615279462564448       8.03391640264535800E-002  3.45942418959114964E-003
   8.2716276136724076       8.00511116675886730E-002  4.27082302673470297E-003
   8.2817272810883686       7.96954977579700102E-002  5.07931263085533748E-003
   8.2918269485043297       7.92725647692290036E-002  5.88421065276033359E-003
   8.3019266159202907       7.87826120298611154E-002  6.68483719213980743E-003
   8.3120262833362517       7.82259955192401574E-002  7.48051537180212649E-003
   8.3221259507522145       7.76031276134854231E-002  8.27057190982894049E-003
   8.3322256181681738       7.69144767833723764E-002  9.05433768916355519E-003
   8.3423252855841348       7.61605672445203330E-002  9.83114832414830331E-003
   8.3524249530000976       7.53419785601336656E-002  1.06003447235289237E-002
   8.3625246204160586       7.44593451966148595E-002  1.13612736494467705E-002
   8.3726242878320196       7.35133560324100488E-002  1.21132882719428448E-002
   8.3827239552479806       7.25047538204888070E-002  1.28557487185013471E-002
   8.3928236226639434       7.14343346049009648E-002  1.35880226181644432E-002
   8.4029232900799045       7.03029470918935528E-002  1.43094856397544476E-002
   8.4130229574958655       6.91114919761108004E-002  1.50195220237445051E-002
   8.4231226249118265       6.78609212224390301E-002  1.57175251073241110E-002
   8.4332222923277893       6.65522373040968312E-002  1.64028978422115050E-002
   8.4433219597437503       6.51864923976085975E-002  1.70750533047710241E-002
   8.4534216271597113       6.37647875353362509E-002  1.77334151979999695E-002
   8.4635212945756724       6.22882717162803051E-002  1.83774183449563096E-002
   8.4736209619916352       6.07581409758966087E-002  1.90065091732057774E-002
   8.4837206294075962       5.91756374157095116E-002  1.96201461898744302E-002
   8.4938202968235572       5.75420481935358455E-002  2.02178004469006183E-002
   8.5039199642395182       5.58587044751667275E-002  2.07989559960885528E-002
   8.5140196316554810       5.41269803483859085E-002  2.13631103335742145E-002
   8.5241192990714421       5.23482917002342230E-002  2.19097748333231916E-002
   8.5342189664874031       5.05240950584595269E-002  2.24384751692892903E-002
   8.5443186339033641       4.86558863981203515E-002  2.29487517258721505E-002
   8.5544183013193251       4.67451999143394178E-002  2.34401599963219680E-002
   8.5645179687352879       4.47936067622301121E-002  2.39122709687494238E-002
   8.5746176361512489       4.28027137650448322E-002  2.43646714994093100E-002
   8.5847173035672100       4.07741620916191663E-002  2.47969646729368567E-002
   8.5948169709831710       3.87096259042096560E-002  2.52087701492267127E-002
   8.6049166383991338       3.66108109778459506E-002  2.55997244966555161E-002
   8.6150163058150948       3.44794532923400204E-002  2.59694815113603907E-002
   8.6251159732310558       3.23173175981160410E-002  2.63177125222972021E-002
   8.6352156406470169       3.01261959570445215E-002  2.66441066818141718E-002
   8.6453153080629797       2.79079062594832401E-002  2.69483712414884044E-002
   8.6554149754789407       2.56642907187455312E-002  2.72302318129850132E-002
   8.6655146428949017       2.33972143442334364E-002  2.74894326137108888E-002
   8.6756143103108627       2.11085633944894033E-002  2.77257366970476080E-002
   8.6857139777268255       1.88002438114351980E-002  2.79389261669606877E-002
   8.6958136451427865       1.64741796370809664E-002  2.81288023767951693E-002
   8.7059133125587476       1.41323114140005056E-002  2.82951861120804907E-002
   8.7160129799747086       1.17765945708811822E-002  2.84379177571806897E-002
   8.7261126473906714       9.40899779446823653E-003  2.85568574456392076E-002
   8.7362123148066324       7.03150138923370333E-003  2.86518851940808505E-002
   8.7463119822225934       4.64609562610971902E-003  2.87229010195469807E-002
   8.7564116496385545       2.25477908163461763E-003  2.87698250401534419E-002
   8.7665113170545172      -1.40443031132021518E-004  2.87925975589744185E-002
   8.7766109844704783      -2.53756053856236561E-003  2.87911791310690966E-002
   8.7867106518864393      -4.93455998791238713E-003  2.87655506135817488E-002
   8.7968103193024003      -7.32942633289893411E-003  2.87157131988597242E-002
   8.8069099867183613      -9.72014462202356634E-003  2.86416884305476550E-002
   8.8170096541343241      -1.21047016882616237E-002  2.85435182026301699E-002
   8.8271093215502852      -1.44810878387325523E-002  2.84212647414093002E-002
   8.8372089889662462      -1.68472985429660091E-002  2.82750105704167795E-002
   8.8473086563822072      -1.92013361183776265E-002  2.81048584582754106E-002
   8.8574083237981700      -2.15412114115686171E-002  2.79109313495377077E-002
   8.8675079912141310      -2.38649454740645327E-002  2.76933722785439526E-002
   8.8776076586300920      -2.61705712311106203E-002  2.74523442663558472E-002
   8.8877073260460531      -2.84561351421442586E-002  2.71880302008359019E-002
   8.8978069934620159      -3.07196988515688538E-002  2.69006326999565934E-002
   8.9079066608779751      -3.29593408284585346E-002  2.65903739584372571E-002
   8.9180063282939361      -3.51731579938288075E-002  2.62574955778205089E-002
   8.9281059957098989      -3.73592673341152093E-002  2.59022583801137747E-002
   8.9382056631258600      -3.95158074995097114E-002  2.55249422051352197E-002
   8.9483053305418210      -4.16409403858136115E-002  2.51258456917170178E-002
   8.9584049979577820      -4.37328526984752802E-002  2.47052860429324249E-002
   8.9685046653737448      -4.57897574974921034E-002  2.42635987755265951E-002
   8.9786043327897058      -4.78098957218678483E-002  2.38011374537443997E-002
   8.9887040002056668      -4.97915376923295724E-002  2.33182734077617380E-002
   8.9988036676216279      -5.17329845910222200E-002  2.28153954369399031E-002
   9.0089033350375889      -5.36325699169142023E-002  2.22929094981355221E-002
   9.0190030024535517      -5.54886609156633945E-002  2.17512383793113905E-002
   9.0291026698695127      -5.72996599827102354E-002  2.11908213587061328E-002
   9.0392023372854737      -5.90640060383831877E-002  2.06121138498330872E-002
   9.0493020047014348      -6.07801758738210976E-002  2.00155870325910805E-002
   9.0594016721173976      -6.24466854665379281E-002  1.94017274707818446E-002
   9.0695013395333586      -6.40620912644769142E-002  1.87710367163406583E-002
   9.0796010069493196      -6.56249914374242710E-002  1.81240309005984736E-002
   9.0897006743652806      -6.71340270946766127E-002  1.74612403129051734E-002
   9.0998003417812434      -6.85878834678814442E-002  1.67832089669547949E-002
   9.1099000091972044      -6.99852910579965709E-002  1.60904941551644719E-002
   9.1199996766131655      -7.13250267453415382E-002  1.53836659914694477E-002
   9.1300993440291265      -7.26059148617431011E-002  1.46633069429069444E-002
   9.1401990114450893      -7.38268282238062484E-002  1.39300113503717290E-002
   9.1502986788610503      -7.49866891263732960E-002  1.31843849389359710E-002
   9.1603983462770113      -7.60844702952653690E-002  1.24270443181355092E-002
   9.1704980136929723      -7.71191957984336263E-002  1.16586164726337326E-002
   9.1805976811089351      -7.80899419146816459E-002  1.08797382436831430E-002
   9.1906973485248962      -7.89958379591553933E-002  1.00910558018131122E-002
   9.2007970159408572      -7.98360670648332188E-002  9.29322411118046164E-003
   9.2108966833568182      -8.06098669192853723E-002  8.48690638602725422E-003
   9.2209963507727810      -8.13165304560103663E-002  7.67277353969756087E-003
   9.2310960181887420      -8.19554064996944470E-002  6.85150362667195836E-003
   9.2411956856047031      -8.25259003647798722E-002  6.02378127808512152E-003
   9.2512953530206641      -8.30274744067684284E-002  5.19029713119807494E-003
   9.2613950204366251      -8.34596485257275283E-002  4.35174725330246450E-003
   9.2714946878525879      -8.38220006215083524E-002  3.50883256053958125E-003
   9.2815943552685489      -8.41141670002280295E-002  2.66225823212183502E-003
   9.2916940226845099      -8.43358427316108911E-002  1.81273312044889431E-003
   9.3017936901004710      -8.44867819568278500E-002  9.60969157614796642E-004
   9.3118933575164338      -8.45667981465168528E-002  1.07680758805984815E-004
   9.3219930249323948      -8.45757643087122479E-002 -7.46415776906578406E-004
   9.3320926923483558      -8.45136131464558626E-002 -1.60060286787531286E-003
   9.3421923597643168      -8.43803371649078787E-002 -2.45416225277574236E-003
   9.3522920271802796      -8.41759887278213936E-002 -3.30637559458800152E-003
   9.3623916945962407      -8.39006800632900035E-002 -4.15652508514871566E-003
   9.3724913620122017      -8.35545832187240822E-002 -5.00389404976092980E-003
   9.3825910294281627      -8.31379299650570336E-002 -5.84776755134931454E-003
   9.3926906968441255      -8.26510116502290476E-002 -6.68743299364788369E-003
   9.4027903642600865      -8.20941790020416340E-002 -7.52218072290795035E-003
   9.4128900316760475      -8.14678418805220572E-002 -8.35130462761497425E-003
   9.4229896990920086      -8.07724689799824286E-002 -9.17410273570438105E-003
   9.4330893665079714      -8.00085874810034653E-002 -9.98987780876826534E-003
   9.4431890339239324      -7.91767826526179747E-002 -1.07979379327472549E-002
   9.4532887013398934      -7.82776974050139601E-002 -1.15975971046045605E-002
   9.4633883687558544      -7.73120317931210443E-002 -1.23881758144824689E-002
   9.4734880361718172      -7.62805424714881747E-002 -1.31690016228452264E-002
   9.4835877035877765      -7.51840421009033893E-002 -1.39394097321163778E-002
   9.4936873710037375      -7.40233987072491245E-002 -1.46987435523231440E-002
   9.5037870384196985      -7.27995349931286201E-002 -1.54463552602654691E-002
   9.5138867058356613      -7.15134276028401850E-002 -1.61816063517327136E-002
   9.5239863732516223      -7.01661063413165087E-002 -1.69038681862968346E-002
   9.5340860406675834      -6.87586533476862577E-002 -1.76125225242171127E-002
   9.5441857080835444      -6.72922022241538714E-002 -1.83069620549981271E-002
   9.5542853754995072      -6.57679371209317493E-002 -1.89865909171497010E-002
   9.5643850429154682      -6.41870917779962108E-002 -1.96508252087049737E-002
   9.5744847103314292      -6.25509485244748892E-002 -2.02990934880605267E-002
   9.5845843777473902      -6.08608372365086747E-002 -2.09308372647106465E-002
   9.5946840451633530      -5.91181342544656041E-002 -2.15455114794563460E-002
   9.6047837125793141      -5.73242612604177026E-002 -2.21425849736786064E-002
   9.6148833799952751      -5.54806841168240042E-002 -2.27215409472745072E-002
   9.6249830474112361      -5.35889116673945662E-002 -2.32818774048644435E-002
   9.6350827148271989      -5.16504945011405578E-002 -2.38231075898884641E-002
   9.6451823822431599      -4.96670236806448298E-002 -2.43447604062199292E-002
   9.6552820496591210      -4.76401294356157551E-002 -2.48463808269351223E-002
   9.6653817170750820      -4.55714798228142245E-002 -2.53275302898881942E-002
   9.6754813844910448      -4.34627793534699686E-002 -2.57877870797518158E-002
   9.6855810519070058      -4.13157675893284643E-002 -2.62267466961951766E-002
   9.6956807193229668      -3.91322177084936634E-002 -2.66440222078825513E-002
   9.7057803867389278      -3.69139350422549167E-002 -2.70392445919873346E-002
   9.7158800541548889      -3.46627555841083485E-002 -2.74120630589285118E-002
   9.7259797215708517      -3.23805444722039121E-002 -2.77621453620487645E-002
   9.7360793889868127      -3.00691944464691434E-002 -2.80891780919657712E-002
   9.7461790564027737      -2.77306242816796403E-002 -2.83928669553409826E-002
   9.7562787238187347      -2.53667771977640448E-002 -2.86729370378229313E-002
   9.7663783912346975      -2.29796192486481747E-002 -2.89291330509351408E-002
   9.7764780586506586      -2.05711376909588350E-002 -2.91612195626919125E-002
   9.7865777260666196      -1.81433393339226617E-002 -2.93689812117385457E-002
   9.7966773934825806      -1.56982488718093033E-002 -2.95522229048260955E-002
   9.8067770608985434      -1.32379072002811356E-002 -2.97107699974443612E-002
   9.8168767283145044      -1.07643697180237509E-002 -2.98444684574505625E-002
   9.8269763957304654      -8.27970461504244637E-003 -2.99531850115450499E-002
   9.8370760631464265      -5.78599114902010603E-003 -3.00368072744593810E-002
   9.8471757305623893      -3.28531791114104353E-003 -3.00952438607361809E-002
   9.8572753979783503      -7.79781082793653234E-004 -3.01284244789944075E-002
   9.8673750653943113       1.72851731542791008E-003 -3.01363000085878817E-002
   9.8774747328102723       4.23747118099633731E-003 -3.01188425585793285E-002
   9.8875744002262351       6.74497209156580627E-003 -3.00760455089665452E-002
   9.8976740676421961       9.24891107049174641E-003 -3.00079235341117884E-002
   9.9077737350581572       1.17471803543150351E-002 -2.99145126083400180E-002
   9.9178734024741182       1.42376751607670854E-002 -2.97958699936861186E-002
   9.9279730698900810       1.67182954558502822E-002 -2.96520742097858767E-002
   9.9380727373060420       1.91869477185472072E-002 -2.94832249859200111E-002
   9.9481724047220030       2.16415467017119084E-002 -2.92894431952352430E-002
   9.9582720721379641       2.40800171876972176E-002 -2.90708707711809546E-002
   9.9683717395539251       2.65002957372738913E-002 -2.88276706062145782E-002
   9.9784714069698879       2.89003324303998797E-002 -2.85600264328434925E-002
   9.9885710743858489       3.12780925974016702E-002 -2.82681426870857282E-002
   9.9986707418018099       3.36315585391341737E-002 -2.79522443544463275E-002
   10.008770409217771       3.59587312346911492E-002 -2.76125767985206348E-002
   10.018870076633734       3.82576320352446334E-002 -2.72494055723503104E-002
   10.028969744049695       4.05263043425993369E-002 -2.68630162126721091E-002
   10.039069411465656       4.27628152710566312E-002 -2.64537140172138238E-002
   10.049169078881617       4.49652572911920859E-002 -2.60218238052059569E-002
   10.059268746297578       4.71317498541613811E-002 -2.55676896612917828E-002
   10.069368413713539       4.92604409951609354E-002 -2.50916746630324636E-002
   10.079468081129500       5.13495089146825054E-002 -2.45941605922177474E-002
   10.089567748545463       5.33971635362148062E-002 -2.40755476302065077E-002
   10.099667415961424       5.54016480390603083E-002 -2.35362540375350371E-002
   10.109767083377385       5.73612403649514865E-002 -2.29767158180443770E-002
   10.119866750793346       5.92742546971680787E-002 -2.23973863677913443E-002
   10.129966418209309       6.11390429108754976E-002 -2.17987361090209580E-002
   10.140066085625270       6.29539959934240917E-002 -2.11812521094909209E-002
   10.150165753041231       6.47175454333698830E-002 -2.05454376874515711E-002
   10.160265420457192       6.64281645769994461E-002 -1.98918120025971638E-002
   10.170365087873154       6.80843699511648887E-002 -1.92209096333167198E-002
   10.180464755289115       6.96847225512592650E-002 -1.85332801405846750E-002
   10.190564422705076       7.12278290931886993E-002 -1.78294876188434086E-002
   10.200664090121037       7.27123432282240495E-002 -1.71101102342412631E-002
   10.210763757536998       7.41369667196434406E-002 -1.63757397506009636E-002
   10.220863424952961       7.55004505801060433E-002 -1.56269810435043649E-002
   10.230963092368922       7.68015961687281840E-002 -1.48644516028900615E-002
   10.241062759784883       7.80392562468645024E-002 -1.40887810245709302E-002
   10.251162427200844       7.92123359916297454E-002 -1.33006104910886082E-002
   10.261262094616807       8.03197939662309984E-002 -1.25005922423317567E-002
   10.271361762032768       8.13606430462150143E-002 -1.16893890363542786E-002
   10.281461429448729       8.23339513007719376E-002 -1.08676736008387516E-002
   10.291561096864690       8.32388428282738457E-002 -1.00361280756589913E-002
   10.301660764280653       8.40744985452649835E-002 -9.19544344700394013E-003
   10.311760431696614       8.48401569281600210E-002 -8.34631897353303037E-003
   10.321860099112575       8.55351147069470796E-002 -7.48946160504063846E-003
   10.331959766528536       8.61587275102334571E-002 -6.62558539411436248E-003
   10.342059433944499       8.67104104610143950E-002 -5.75541090127855860E-003
   10.352159101360460       8.71896387225880587E-002 -4.87966459412081041E-003
   10.362258768776421       8.75959479940838920E-002 -3.99907824090483914E-003
   10.372358436192382       8.79289349551160143E-002 -3.11438829917873869E-003
   10.382458103608345       8.81882576591185297E-002 -2.22633529989236210E-003
   10.392557771024306       8.83736358749655504E-002 -1.33566322754215218E-003
   10.402657438440267       8.84848513765251199E-002 -4.43118896865723013E-004
   10.412757105856228       8.85217481798431377E-002  4.50548673387957208E-004
   10.422856773272191       8.84842327277006596E-002  1.34458888908386151E-003
   10.432956440688152       8.83722740213358643E-002  2.23825021119016757E-003
   10.443056108104113       8.81859036991696210E-002  3.13078078759786767E-003
   10.453155775520074       8.79252160624223039E-002  4.02142908573548293E-003
   10.463255442936035       8.75903680475573210E-002  4.90944452544249746E-003
   10.473355110351998       8.71815791455358841E-002  5.79407811156448099E-003
   10.483454777767959       8.66991312679155357E-002  6.67458306573271223E-003
   10.493554445183920       8.61433685598738397E-002  7.55021545679144136E-003
   10.503654112599881       8.55146971602865347E-002  8.42023482933675418E-003
   10.513753780015843       8.48135849090380506E-002  9.28390482983230958E-003
   10.523853447431804       8.40405610017897764E-002  1.01404938297689987E-002
   10.533953114847765       8.31962155924792640E-002  1.09892755453378926E-002
   10.544052782263726       8.22811993438707229E-002  1.18295296530885573E-002
   10.554152449679689       8.12962229265237896E-002  1.26605424010480753E-002
   10.564252117095650       8.02420564665937974E-002  1.34816072147798238E-002
   10.574351784511611       7.91195289429225818E-002  1.42920252978652185E-002
   10.584451451927572       7.79295275339236398E-002  1.50911062262962699E-002
   10.594551119343535       7.66729969148099988E-002  1.58781685362719069E-002
   10.604650786759496       7.53509385057566095E-002  1.66525403048965251E-002
   10.614750454175457       7.39644096716320920E-002  1.74135597232852289E-002
   10.624850121591418       7.25145228739764863E-002  1.81605756615866344E-002
   10.634949789007379       7.10024447759428634E-002  1.88929482254409226E-002
   10.645049456423340       6.94293953009609416E-002  1.96100493033981131E-002
   10.655149123839301       6.77966466459200418E-002  2.03112631048291345E-002
   10.665248791255262       6.61055222497070605E-002  2.09959866878703834E-002
   10.675348458671225       6.43573957179724293E-002  2.16636304769508639E-002
   10.685448126087186       6.25536897050333329E-002  2.23136187694598052E-002
   10.695547793503147       6.06958747538586391E-002  2.29453902311218920E-002
   10.705647460919108       5.87854680951141045E-002  2.35583983796567135E-002
   10.715747128335071       5.68240324062795274E-002  2.41521120563089782E-002
   10.725846795751032       5.48131745318814478E-002  2.47260158848462142E-002
   10.735946463166993       5.27545441659158232E-002  2.52796107176312644E-002
   10.746046130582954       5.06498324975648076E-002  2.58124140683876624E-002
   10.756145797998917       4.85007708213403832E-002  2.63239605312872230E-002
   10.766245465414878       4.63091291128150812E-002  2.68138021860005286E-002
   10.776345132830839       4.40767145711263089E-002  2.72815089883627765E-002
   10.786444800246800       4.18053701294661129E-002  2.77266691463194138E-002
   10.796544467662763       3.94969729347922210E-002  2.81488894808281896E-002
   10.806644135078724       3.71534327980193105E-002  2.85477957714068212E-002
   10.816743802494685       3.47766906159713146E-002  2.89230330860280882E-002
   10.826843469910646       3.23687167663963965E-002  2.92742660950771859E-002
   10.836943137326609       2.99315094773659647E-002  2.96011793690992425E-002
   10.847042804742570       2.74670931723978336E-002  2.99034776600783370E-002
   10.857142472158531       2.49775167926612057E-002  3.01808861660027815E-002
   10.867242139574492       2.24648520976378011E-002  3.04331507784852510E-002
   10.877341806990454       1.99311919456290204E-002  3.06600383132201552E-002
   10.887441474406415       1.73786485555136143E-002  3.08613367230746970E-002
   10.897541141822376       1.48093517511738940E-002  3.10368552936242624E-002
   10.907640809238337       1.22254471900211346E-002  3.11864248209571052E-002
   10.917740476654298       9.62909457706247369E-003  3.13098977715877205E-002
   10.927840144070261       7.02246586596224492E-003  3.14071484243328911E-002
   10.937939811486222       4.40774344856049126E-003  3.14780729940190504E-002
   10.948039478902183       1.78711833432014609E-003  3.15225897369043953E-002
   10.958139146318144      -8.37211678817702167E-004  3.15406390377139939E-002
   10.968238813734107      -3.46304384068409294E-003  3.15321834782011784E-002
   10.978338481150068      -6.08817229074560574E-003  3.14972078871633768E-002
   10.988438148566029      -8.71038990408333491E-003  3.14357193718557762E-002
   10.998537815981990      -1.13274901399856073E-002  3.13477473307611845E-002
   11.008637483397953      -1.39372688916492987E-002  3.12333434476897466E-002
   11.018737150813914      -1.65375263354821736E-002  3.10925816671972638E-002
   11.028836818229875      -1.91260687784971517E-002  3.09255581513261900E-002
   11.038936485645836      -2.17007105022888162E-002  3.07323912176885664E-002
   11.049036153061799      -2.42592756020827659E-002  3.05132212589253882E-002
   11.059135820477760      -2.67995998193497204E-002  3.02682106435922041E-002
   11.069235487893721      -2.93195323664784506E-002  2.99975435985359133E-002
   11.079335155309682      -3.18169377420047736E-002  2.97014260728429638E-002
   11.089434822725645      -3.42896975348979810E-002  2.93800855834543649E-002
   11.099534490141606      -3.67357122164111913E-002  2.90337710425579813E-002
   11.109634157557567      -3.91529029180082561E-002  2.86627525668837584E-002
   11.119733824973528      -4.15392131938869050E-002  2.82673212690424495E-002
   11.129833492389491      -4.38926107666261431E-002  2.78477890310634760E-002
   11.139933159805452      -4.62110892544950538E-002  2.74044882603023052E-002
   11.150032827221413      -4.84926698789705166E-002  2.69377716279025972E-002
   11.160132494637374      -5.07354031510228107E-002  2.64480117900129860E-002
   11.170232162053335      -5.29373705347406034E-002  2.59356010919729353E-002
   11.180331829469297      -5.50966860868805641E-002  2.54009512556965383E-002
   11.190431496885259      -5.72114980709416826E-002  2.48444930504974140E-002
   11.200531164301220      -5.92799905443804342E-002  2.42666759476119834E-002
   11.210630831717181      -6.13003849176002313E-002  2.36679677586924021E-002
   11.220730499133142      -6.32709414833670797E-002  2.30488542585542203E-002
   11.230830166549103      -6.51899609153230447E-002  2.24098387924774566E-002
   11.240929833965064      -6.70557857342901492E-002  2.17514418683731683E-002
   11.251029501381026      -6.88668017410796612E-002  2.10742007341408674E-002
   11.261129168796987      -7.06214394145450591E-002  2.03786689405550114E-002
   11.271228836212948      -7.23181752736419964E-002  1.96654158900316373E-002
   11.281328503628909      -7.39555332022846096E-002  1.89350263716386476E-002
   11.291428171044872      -7.55320857358148662E-002  1.81881000827254814E-002
   11.301527838460833      -7.70464553079305281E-002  1.74252511375598690E-002
   11.311627505876794      -7.84973154569471587E-002  1.66471075633710351E-002
   11.321727173292755      -7.98833919903008949E-002  1.58543107842100614E-002
   11.331826840708718      -8.12034641062314849E-002  1.50475150930491457E-002
   11.341926508124679      -8.24563654716185951E-002  1.42273871125522464E-002
   11.352026175540640      -8.36409852549798993E-002  1.33946052449599329E-002
   11.362125842956601      -8.47562691136753005E-002  1.25498591115413023E-002
   11.372225510372562      -8.58012201343996694E-002  1.16938489820754589E-002
   11.382325177788525      -8.67748997260847088E-002  1.08272851948343300E-002
   11.392424845204486      -8.76764284643707509E-002  9.95088756754747283E-003
   11.402524512620447      -8.85049868868500872E-002  9.06538479983799543E-003
   11.412624180036408      -8.92598162383254901E-002  8.17151386762678296E-003
   11.422723847452371      -8.99402191653705246E-002  7.27001941000986283E-003
   11.432823514868332      -9.05455603595225478E-002  6.36165310912094068E-003
   11.442923182284293      -9.10752671484839349E-002  5.44717306349790271E-003
   11.453022849700254      -9.15288300347530392E-002  4.52734315547837721E-003
   11.463122517116217      -9.19058031811531423E-002  3.60293241315531041E-003
   11.473222184532178      -9.22058048427748522E-002  2.67471436742885418E-003
   11.483321851948139      -9.24285177448955914E-002  1.74346640469578290E-003
   11.493421519364100      -9.25736894064886628E-002  8.09969115722048599E-004
   11.503521186780063      -9.26411324089833899E-002 -1.24994358751998286E-004
   11.513620854196024      -9.26307246099879605E-002 -1.06063898512077578E-003
   11.523720521611985      -9.25424093017364890E-002 -1.99617849618116726E-003
   11.533820189027946      -9.23761953140724984E-002 -2.93082605200048084E-003
   11.543919856443909      -9.21321570618319485E-002 -3.86379490182450725E-003
   11.554019523859870      -9.18104345365397118E-002 -4.79429904646413128E-003
   11.564119191275831      -9.14112332423847179E-002 -5.72155390059808124E-003
   11.574218858691792      -9.09348240764901589E-002 -6.64477695442904429E-003
   11.584318526107754      -9.03815431535462399E-002 -7.56318843413055636E-003
   11.594418193523715      -8.97517915749240086E-002 -8.47601196052273805E-003
   11.604517860939676      -8.90460351424396945E-002 -9.38247520541615927E-003
   11.614617528355637      -8.82648040169897036E-002 -1.02818105450648133E-002
   11.624717195771598      -8.74086923223264395E-002 -1.11732557101714251E-002
   11.634816863187561      -8.64783576942951826E-002 -1.20560544318910230E-002
   11.644916530603522      -8.54745207759017994E-002 -1.29294570832819526E-002
   11.655016198019483      -8.43979646586295318E-002 -1.37927213156572460E-002
   11.665115865435444      -8.32495342704718116E-002 -1.46451126892934713E-002
   11.675215532851407      -8.20301357111954260E-002 -1.54859052979589192E-002
   11.685315200267368      -8.07407355353952499E-002 -1.63143823867281726E-002
   11.695414867683329      -7.93823599839479782E-002 -1.71298369625557632E-002
   11.705514535099290      -7.79560941645173894E-002 -1.79315723970877618E-002
   11.715614202515253      -7.64630811818082928E-002 -1.87189030211967582E-002
   11.725713869931214      -7.49045212183095110E-002 -1.94911547107326812E-002
   11.735813537347175      -7.32816705663089513E-002 -2.02476654629894330E-002
   11.745913204763136      -7.15958406120050239E-002 -2.09877859633952023E-002
   11.756012872179099      -6.98483967725795074E-002 -2.17108801419426366E-002
   11.766112539595060      -6.80407573871357613E-002 -2.24163257188838040E-002
   11.776212207011021      -6.61743925624449086E-002 -2.31035147392239966E-002
   11.786311874426982      -6.42508229744793852E-002 -2.37718540955579628E-002
   11.796411541842943      -6.22716186267493615E-002 -2.44207660388020172E-002
   11.806511209258904      -6.02383975664922688E-002 -2.50496886763857743E-002
   11.816610876674865      -5.81528245597992682E-002 -2.56580764574778075E-002
   11.826710544090826      -5.60166097267949456E-002 -2.62454006448305348E-002
   11.836810211506789      -5.38315071380176258E-002 -2.68111497728408740E-002
   11.846909878922750      -5.15993133731778228E-002 -2.73548300914348043E-002
   11.857009546338711      -4.93218660435011252E-002 -2.78759659953958724E-002
   11.867109213754672      -4.70010422788893975E-002 -2.83741004387698358E-002
   11.877208881170635      -4.46387571811605946E-002 -2.88487953339901619E-002
   11.887308548586596      -4.22369622446528148E-002 -2.92996319353817439E-002
   11.897408216002557      -3.97976437455022161E-002 -2.97262112067132565E-002
   11.907507883418518      -3.73228211009273142E-002 -3.01281541724817449E-002
   11.917607550834481      -3.48145451998740155E-002 -3.05051022526265370E-002
   11.927707218250442      -3.22748967063963346E-002 -3.08567175803832194E-002
   11.937806885666403      -2.97059843371672364E-002 -3.11826833030023308E-002
   11.947906553082364      -2.71099431145325025E-002 -3.14827038650714805E-002
   11.958006220498326      -2.44889325965378761E-002 -3.17565052741938941E-002
   11.968105887914287      -2.18451350853759683E-002 -3.20038353487908239E-002
   11.978205555330248      -1.91807538157146747E-002 -3.22244639478098741E-002
   11.988305222746209      -1.64980111243830732E-002 -3.24181831821360247E-002
   11.998404890162172      -1.37991466029039472E-002 -3.25848076075171272E-002
   12.008504557578133      -1.10864152343743173E-002 -3.27241743988305536E-002
   12.018604224994094      -8.36208551620657228E-003 -3.28361435055329817E-002
   12.028703892410055      -5.62843757025307916E-003 -3.29205977881504991E-002
   12.038803559826018      -2.88776124184647858E-003 -3.29774431356815584E-002
   12.048903227241979      -1.42354189296258274E-004 -3.30066085638009085E-002
   12.059002894657940       2.60548003461036175E-003 -3.30080462937680716E-002
   12.069102562073901       5.35343390754862425E-003 -3.29817318119595762E-002
   12.079202229489862       8.09919786747730075E-003 -3.29276639099600060E-002
   12.089301896905825       1.08404622457756797E-002 -3.28458647051624239E-002
   12.099401564321786       1.35749192021277412E-002 -3.27363796418448025E-002
   12.109501231737747       1.63002646595818562E-002 -3.25992774727047671E-002
   12.119600899153708       1.90142002382123684E-002 -3.24346502208508400E-002
   12.129700566569671       2.17144351858083590E-002 -3.22426131222644033E-002
   12.139800233985632       2.43986883040147283E-002 -3.20233045487622880E-002
   12.149899901401593       2.70646898683514908E-002 -3.17768859115060281E-002
   12.159999568817554       2.97101835405389932E-002 -3.15035415451195358E-002
   12.170099236233517       3.23329282715593691E-002 -3.12034785724929209E-002
   12.180198903649478       3.49307001938882755E-002 -3.08769267503660357E-002
   12.190298571065439       3.75012945013355817E-002 -3.05241382958011051E-002
   12.200398238481400       4.00425273149394093E-002 -3.01453876936695932E-002
   12.210497905897363       4.25522375333646091E-002 -2.97409714852941535E-002
   12.220597573313324       4.50282886662645154E-002 -2.93112080384021791E-002
   12.230697240729285       4.74685706490737339E-002 -2.88564372985630029E-002
   12.240796908145246       4.98710016377096541E-002 -2.83770205222962889E-002
   12.250896575561208       5.22335297816714228E-002 -2.78733399920545535E-002
   12.260996242977170       5.45541349740374937E-002 -2.73457987132979564E-002
   12.271095910393131       5.68308305768761360E-002 -2.67948200938947084E-002
   12.281195577809092       5.90616651205981072E-002 -2.62208476060954085E-002
   12.291295245225054       6.12447239757964099E-002 -2.56243444313444778E-002
   12.301394912641015       6.33781309961352901E-002 -2.50057930882065758E-002
   12.311494580056976       6.54600501308689742E-002 -2.43656950437003729E-002
   12.321594247472937       6.74886870055904364E-002 -2.37045703083464329E-002
   12.331693914888898       6.94622904698314614E-002 -2.30229570152500514E-002
   12.341793582304861       7.13791541101575361E-002 -2.23214109835538459E-002
   12.351893249720822       7.32376177274250972E-002 -2.16005052666085988E-002
   12.361992917136782       7.50360687768934637E-002 -2.08608296852242844E-002
