 Cas a): 
0.00000000E+00
0.20000000E+04
0.39999999E+04
0.59999999E+04
0.79999998E+04
0.99999998E+04
0.12000000E+05
0.14000000E+05
0.16000000E+05
0.18000000E+05
0.20000000E+05
0.22000000E+05
0.23999999E+05
0.25999999E+05
0.27999999E+05
0.29999999E+05
0.31999999E+05
0.33999999E+05
0.35999999E+05
0.37999999E+05
0.39999999E+05
0.41999999E+05
0.43999999E+05
0.45999999E+05
0.47999999E+05
0.49999999E+05
0.51999999E+05
0.53999999E+05
0.55999999E+05
0.57999999E+05
0.59999999E+05
0.61999999E+05
0.63999999E+05
0.65999999E+05
0.67999998E+05
0.69999998E+05
0.71999998E+05
0.73999998E+05
0.75999998E+05
0.77999998E+05
0.79999998E+05
0.81999998E+05
0.83999998E+05
0.85999998E+05
0.87999998E+05
0.89999998E+05
0.91999998E+05
0.93999998E+05
0.95999998E+05
0.97999998E+05
0.99999998E+05
0.10200000E+06
0.10400000E+06
0.10600000E+06
0.10800000E+06
0.11000000E+06
0.11200000E+06
0.11400000E+06
0.11600000E+06
0.11800000E+06
0.12000000E+06
0.12200000E+06
0.12400000E+06
0.12600000E+06
0.12800000E+06
0.13000000E+06
0.13200000E+06
0.13400000E+06
0.13600000E+06
0.13800000E+06
0.14000000E+06
0.14200000E+06
0.14400000E+06
0.14600000E+06
0.14800000E+06
0.15000000E+06
0.15200000E+06
0.15400000E+06
0.15600000E+06
0.15800000E+06
0.16000000E+06
0.16200000E+06
0.16400000E+06
0.16600000E+06
0.16800000E+06
0.17000000E+06
0.17200000E+06
0.17400000E+06
0.17600000E+06
0.17800000E+06
0.18000000E+06
0.18200000E+06
0.18400000E+06
0.18600000E+06
0.18800000E+06
0.19000000E+06
0.19200000E+06
0.19400000E+06
0.19600000E+06
0.19800000E+06
0.20000000E+06
0.20200000E+06
0.20400000E+06
0.20600000E+06
0.20800000E+06
0.21000000E+06
0.21200000E+06
0.21400000E+06
0.21600000E+06
0.21800000E+06
0.22000000E+06
0.22200000E+06
0.22399999E+06
0.22599999E+06
0.22799999E+06
0.22999999E+06
0.23199999E+06
0.23399999E+06
0.23599999E+06
0.23799999E+06
0.23999999E+06
0.24199999E+06
0.24399999E+06
0.24599999E+06
0.24799999E+06
0.24999999E+06
0.25199999E+06
0.25399999E+06
0.25599999E+06
0.25799999E+06
0.25999999E+06
0.26199999E+06
0.26399999E+06
0.26599999E+06
0.26799999E+06
0.26999999E+06
0.27199999E+06
0.27399999E+06
0.27599999E+06
0.27799999E+06
0.27999999E+06
0.28199999E+06
0.28399999E+06
0.28599999E+06
0.28799999E+06
0.28999999E+06
0.29199999E+06
0.29399999E+06
0.29599999E+06
0.29799999E+06
0.29999999E+06
0.30199999E+06
0.30399999E+06
0.30599999E+06
0.30799999E+06
0.30999999E+06
0.31199999E+06
0.31399999E+06
0.31599999E+06
0.31799999E+06
0.31999999E+06
0.32199999E+06
0.32399999E+06
0.32599999E+06
0.32799999E+06
0.32999999E+06
0.33199999E+06
0.33399999E+06
0.33599999E+06
0.33799999E+06
0.33999999E+06
0.34199999E+06
0.34399999E+06
0.34599999E+06
0.34799999E+06
0.34999999E+06
0.35199999E+06
0.35399999E+06
0.35599999E+06
0.35799999E+06
0.35999999E+06
0.36199999E+06
0.36399999E+06
0.36599999E+06
0.36799999E+06
0.36999999E+06
0.37199999E+06
0.37399999E+06
0.37599999E+06
0.37799999E+06
0.37999999E+06
0.38199999E+06
0.38399999E+06
0.38599999E+06
0.38799999E+06
0.38999999E+06
0.39199999E+06
0.39399999E+06
0.39599999E+06
0.39799999E+06
0.39999999E+06
0.40199999E+06
0.40399999E+06
0.40599999E+06
0.40799999E+06
0.40999999E+06
0.41199999E+06
0.41399999E+06
0.41599999E+06
0.41799999E+06
0.41999999E+06
0.42199999E+06
0.42399999E+06
0.42599999E+06
0.42799999E+06
0.42999999E+06
0.43199999E+06
0.43399999E+06
0.43599999E+06
0.43799999E+06
0.43999999E+06
0.44199999E+06
0.44399999E+06
0.44599999E+06
0.44799999E+06
0.44999999E+06
0.45199999E+06
0.45399999E+06
0.45599999E+06
0.45799999E+06
0.45999999E+06
0.46199999E+06
0.46399999E+06
0.46599999E+06
0.46799999E+06
0.46999999E+06
0.47199999E+06
0.47399999E+06
0.47599999E+06
0.47799999E+06
0.47999999E+06
0.48199999E+06
0.48399999E+06
0.48599999E+06
0.48799999E+06
0.48999999E+06
0.49199999E+06
0.49399999E+06
0.49599999E+06
0.49799999E+06
0.49999999E+06
0.50199999E+06
0.50399999E+06
0.50599999E+06
0.50799999E+06
0.50999999E+06
0.51199999E+06
0.51399999E+06
0.51599999E+06
0.51799999E+06
0.51999999E+06
0.52199999E+06
0.52399999E+06
0.52599999E+06
0.52799999E+06
0.52999999E+06
0.53199999E+06
0.53399999E+06
0.53599999E+06
0.53799999E+06
0.53999999E+06
0.54199999E+06
0.54399999E+06
0.54599999E+06
0.54799999E+06
0.54999999E+06
0.55199999E+06
0.55399999E+06
0.55599999E+06
0.55799999E+06
0.55999999E+06
0.56199999E+06
0.56399999E+06
0.56599999E+06
0.56799999E+06
0.56999999E+06
0.57199999E+06
0.57399999E+06
0.57599999E+06
0.57799999E+06
0.57999999E+06
0.58199999E+06
0.58399999E+06
0.58599999E+06
0.58799999E+06
0.58999999E+06
0.59199999E+06
0.59399999E+06
0.59599999E+06
0.59799999E+06
0.59999999E+06
0.60199999E+06
0.60399999E+06
0.60599999E+06
0.60799999E+06
0.60999999E+06
0.61199999E+06
0.61399999E+06
0.61599999E+06
0.61799999E+06
0.61999999E+06
0.62199999E+06
0.62399999E+06
0.62599999E+06
0.62799999E+06
0.62999999E+06
0.63199999E+06
0.63399999E+06
0.63599999E+06
0.63799999E+06
0.63999999E+06
0.64199999E+06
0.64399999E+06
0.64599999E+06
0.64799999E+06
0.64999999E+06
0.65199999E+06
0.65399999E+06
0.65599999E+06
0.65799999E+06
0.65999999E+06
0.66199999E+06
0.66399999E+06
0.66599999E+06
0.66799999E+06
0.66999999E+06
0.67199998E+06
0.67399998E+06
0.67599998E+06
0.67799998E+06
0.67999998E+06
0.68199998E+06
0.68399998E+06
0.68599998E+06
0.68799998E+06
0.68999998E+06
0.69199998E+06
0.69399998E+06
0.69599998E+06
0.69799998E+06
0.69999998E+06
0.70199998E+06
0.70399998E+06
0.70599998E+06
0.70799998E+06
0.70999998E+06
0.71199998E+06
0.71399998E+06
0.71599998E+06
0.71799998E+06
0.71999998E+06
0.72199998E+06
0.72399998E+06
0.72599998E+06
0.72799998E+06
0.72999998E+06
0.73199998E+06
0.73399998E+06
0.73599998E+06
0.73799998E+06
0.73999998E+06
0.74199998E+06
0.74399998E+06
0.74599998E+06
0.74799998E+06
0.74999998E+06
0.75199998E+06
0.75399998E+06
0.75599998E+06
0.75799998E+06
0.75999998E+06
0.76199998E+06
0.76399998E+06
0.76599998E+06
0.76799998E+06
0.76999998E+06
0.77199998E+06
0.77399998E+06
0.77599998E+06
0.77799998E+06
0.77999998E+06
0.78199998E+06
0.78399998E+06
0.78599998E+06
0.78799998E+06
0.78999998E+06
0.79199998E+06
0.79399998E+06
0.79599998E+06
0.79799998E+06
0.79999998E+06
0.80199998E+06
0.80399998E+06
0.80599998E+06
0.80799998E+06
0.80999998E+06
0.81199998E+06
0.81399998E+06
0.81599998E+06
0.81799998E+06
0.81999998E+06
0.82199998E+06
0.82399998E+06
0.82599998E+06
0.82799998E+06
0.82999998E+06
0.83199998E+06
0.83399998E+06
0.83599998E+06
0.83799998E+06
0.83999998E+06
0.84199998E+06
0.84399998E+06
0.84599998E+06
0.84799998E+06
0.84999998E+06
0.85199998E+06
0.85399998E+06
0.85599998E+06
0.85799998E+06
0.85999998E+06
0.86199998E+06
0.86399998E+06
0.86599998E+06
0.86799998E+06
0.86999998E+06
0.87199998E+06
0.87399998E+06
0.87599998E+06
0.87799998E+06
0.87999998E+06
0.88199998E+06
0.88399998E+06
0.88599998E+06
0.88799998E+06
0.88999998E+06
0.89199998E+06
0.89399998E+06
0.89599998E+06
0.89799998E+06
0.89999998E+06
0.90199998E+06
0.90399998E+06
0.90599998E+06
0.90799998E+06
0.90999998E+06
0.91199998E+06
0.91399998E+06
0.91599998E+06
0.91799998E+06
0.91999998E+06
0.92199998E+06
0.92399998E+06
0.92599998E+06
0.92799998E+06
0.92999998E+06
0.93199998E+06
0.93399998E+06
0.93599998E+06
0.93799998E+06
0.93999998E+06
0.94199998E+06
0.94399998E+06
0.94599998E+06
0.94799998E+06
0.94999998E+06
0.95199998E+06
0.95399998E+06
0.95599998E+06
0.95799998E+06
0.95999998E+06
0.96199998E+06
0.96399998E+06
0.96599998E+06
0.96799998E+06
0.96999998E+06
0.97199998E+06
0.97399998E+06
0.97599998E+06
0.97799998E+06
0.97999998E+06
0.98199998E+06
0.98399998E+06
0.98599998E+06
0.98799998E+06
0.98999998E+06
0.99199998E+06
0.99399998E+06
0.99599998E+06
0.99799998E+06
0.99999998E+06
0.10020000E+07
0.10040000E+07
0.10060000E+07
0.10080000E+07
0.10100000E+07
0.10120000E+07
0.10140000E+07
0.10160000E+07
0.10180000E+07
0.10200000E+07
0.10220000E+07
0.10240000E+07
0.10260000E+07
0.10280000E+07
0.10300000E+07
0.10320000E+07
0.10340000E+07
0.10360000E+07
0.10380000E+07
0.10400000E+07
0.10420000E+07
0.10440000E+07
0.10460000E+07
0.10480000E+07
0.10500000E+07
0.10520000E+07
0.10540000E+07
0.10560000E+07
0.10580000E+07
0.10600000E+07
0.10620000E+07
0.10640000E+07
0.10660000E+07
0.10680000E+07
0.10700000E+07
0.10720000E+07
0.10740000E+07
0.10760000E+07
0.10780000E+07
0.10800000E+07
0.10820000E+07
0.10840000E+07
0.10860000E+07
0.10880000E+07
0.10900000E+07
0.10920000E+07
0.10940000E+07
0.10960000E+07
0.10980000E+07
0.11000000E+07
0.11020000E+07
0.11040000E+07
0.11060000E+07
0.11080000E+07
0.11100000E+07
0.11120000E+07
0.11140000E+07
0.11160000E+07
0.11180000E+07
0.11200000E+07
0.11220000E+07
0.11240000E+07
0.11260000E+07
0.11280000E+07
0.11300000E+07
0.11320000E+07
0.11340000E+07
0.11360000E+07
0.11380000E+07
0.11400000E+07
0.11420000E+07
0.11440000E+07
0.11460000E+07
0.11480000E+07
0.11500000E+07
0.11520000E+07
0.11540000E+07
0.11560000E+07
0.11580000E+07
0.11600000E+07
0.11620000E+07
0.11640000E+07
0.11660000E+07
0.11680000E+07
0.11700000E+07
0.11720000E+07
0.11740000E+07
0.11760000E+07
0.11780000E+07
0.11800000E+07
0.11820000E+07
0.11840000E+07
0.11860000E+07
0.11880000E+07
0.11900000E+07
0.11920000E+07
0.11940000E+07
0.11960000E+07
0.11980000E+07
0.12000000E+07
0.12020000E+07
0.12040000E+07
0.12060000E+07
0.12080000E+07
0.12100000E+07
0.12120000E+07
0.12140000E+07
0.12160000E+07
0.12180000E+07
0.12200000E+07
0.12220000E+07
0.12240000E+07
0.12260000E+07
0.12280000E+07
0.12300000E+07
0.12320000E+07
0.12340000E+07
0.12360000E+07
0.12380000E+07
0.12400000E+07
0.12420000E+07
0.12440000E+07
0.12460000E+07
0.12480000E+07
0.12500000E+07
0.12520000E+07
0.12540000E+07
0.12560000E+07
0.12580000E+07
0.12600000E+07
0.12620000E+07
0.12640000E+07
0.12660000E+07
0.12680000E+07
0.12700000E+07
0.12720000E+07
0.12740000E+07
0.12760000E+07
0.12780000E+07
0.12800000E+07
0.12820000E+07
0.12840000E+07
0.12860000E+07
0.12880000E+07
0.12900000E+07
0.12920000E+07
0.12940000E+07
0.12960000E+07
0.12980000E+07
0.13000000E+07
0.13020000E+07
0.13040000E+07
0.13060000E+07
0.13080000E+07
0.13100000E+07
0.13120000E+07
0.13140000E+07
0.13160000E+07
0.13180000E+07
0.13200000E+07
0.13220000E+07
0.13240000E+07
0.13260000E+07
0.13280000E+07
0.13300000E+07
0.13320000E+07
0.13340000E+07
0.13360000E+07
0.13380000E+07
0.13400000E+07
0.13420000E+07
0.13440000E+07
0.13460000E+07
0.13480000E+07
0.13500000E+07
0.13520000E+07
0.13540000E+07
0.13560000E+07
0.13580000E+07
0.13600000E+07
0.13620000E+07
0.13640000E+07
0.13660000E+07
0.13680000E+07
0.13700000E+07
0.13720000E+07
0.13740000E+07
0.13760000E+07
0.13780000E+07
0.13800000E+07
0.13820000E+07
0.13840000E+07
0.13860000E+07
0.13880000E+07
0.13900000E+07
0.13920000E+07
0.13940000E+07
0.13960000E+07
0.13980000E+07
0.14000000E+07
0.14020000E+07
0.14040000E+07
0.14060000E+07
0.14080000E+07
0.14100000E+07
0.14120000E+07
0.14140000E+07
0.14160000E+07
0.14180000E+07
0.14200000E+07
0.14220000E+07
0.14240000E+07
0.14260000E+07
0.14280000E+07
0.14300000E+07
0.14320000E+07
0.14340000E+07
0.14360000E+07
0.14380000E+07
0.14400000E+07
0.14420000E+07
0.14440000E+07
0.14460000E+07
0.14480000E+07
0.14500000E+07
0.14520000E+07
0.14540000E+07
0.14560000E+07
0.14580000E+07
0.14600000E+07
0.14620000E+07
0.14640000E+07
0.14660000E+07
0.14680000E+07
0.14700000E+07
0.14720000E+07
0.14740000E+07
0.14760000E+07
0.14780000E+07
0.14800000E+07
0.14820000E+07
0.14840000E+07
0.14860000E+07
0.14880000E+07
0.14900000E+07
0.14920000E+07
0.14940000E+07
0.14960000E+07
0.14980000E+07
0.15000000E+07
0.15020000E+07
0.15040000E+07
0.15060000E+07
0.15080000E+07
0.15100000E+07
0.15120000E+07
0.15140000E+07
0.15160000E+07
0.15180000E+07
0.15200000E+07
0.15220000E+07
0.15240000E+07
0.15260000E+07
0.15280000E+07
0.15300000E+07
0.15320000E+07
0.15340000E+07
0.15360000E+07
0.15380000E+07
0.15400000E+07
0.15420000E+07
0.15440000E+07
0.15460000E+07
0.15480000E+07
0.15500000E+07
0.15520000E+07
0.15540000E+07
0.15560000E+07
0.15580000E+07
0.15600000E+07
0.15620000E+07
0.15640000E+07
0.15660000E+07
0.15680000E+07
0.15700000E+07
0.15720000E+07
0.15740000E+07
0.15760000E+07
0.15780000E+07
0.15800000E+07
0.15820000E+07
0.15840000E+07
0.15860000E+07
0.15880000E+07
0.15900000E+07
0.15920000E+07
0.15940000E+07
0.15960000E+07
0.15980000E+07
0.16000000E+07
0.16020000E+07
0.16040000E+07
0.16060000E+07
0.16080000E+07
0.16100000E+07
0.16120000E+07
0.16140000E+07
0.16160000E+07
0.16180000E+07
0.16200000E+07
0.16220000E+07
0.16240000E+07
0.16260000E+07
0.16280000E+07
0.16300000E+07
0.16320000E+07
0.16340000E+07
0.16360000E+07
0.16380000E+07
0.16400000E+07
0.16420000E+07
0.16440000E+07
0.16460000E+07
0.16480000E+07
0.16500000E+07
0.16520000E+07
0.16540000E+07
0.16560000E+07
0.16580000E+07
0.16600000E+07
0.16620000E+07
0.16640000E+07
0.16660000E+07
0.16680000E+07
0.16700000E+07
0.16720000E+07
0.16740000E+07
0.16760000E+07
0.16780000E+07
0.16800000E+07
0.16820000E+07
0.16840000E+07
0.16860000E+07
0.16880000E+07
0.16900000E+07
0.16920000E+07
0.16940000E+07
0.16960000E+07
0.16980000E+07
0.17000000E+07
0.17020000E+07
0.17040000E+07
0.17060000E+07
0.17080000E+07
0.17100000E+07
0.17120000E+07
0.17140000E+07
0.17160000E+07
0.17180000E+07
0.17200000E+07
0.17220000E+07
0.17240000E+07
0.17260000E+07
0.17280000E+07
0.17300000E+07
0.17320000E+07
0.17340000E+07
0.17360000E+07
0.17380000E+07
0.17400000E+07
0.17420000E+07
0.17440000E+07
0.17460000E+07
0.17480000E+07
0.17500000E+07
0.17520000E+07
0.17540000E+07
0.17560000E+07
0.17580000E+07
0.17600000E+07
0.17620000E+07
0.17640000E+07
0.17660000E+07
0.17680000E+07
0.17700000E+07
0.17720000E+07
0.17740000E+07
0.17760000E+07
0.17780000E+07
0.17800000E+07
0.17820000E+07
0.17840000E+07
0.17860000E+07
0.17880000E+07
0.17900000E+07
0.17920000E+07
0.17940000E+07
0.17960000E+07
0.17980000E+07
0.18000000E+07
0.18020000E+07
0.18040000E+07
0.18060000E+07
0.18080000E+07
0.18100000E+07
0.18120000E+07
0.18140000E+07
0.18160000E+07
0.18180000E+07
0.18200000E+07
0.18220000E+07
0.18240000E+07
0.18260000E+07
0.18280000E+07
0.18300000E+07
0.18320000E+07
0.18340000E+07
0.18360000E+07
0.18380000E+07
0.18400000E+07
0.18420000E+07
0.18440000E+07
0.18460000E+07
0.18480000E+07
0.18500000E+07
0.18520000E+07
0.18540000E+07
0.18560000E+07
0.18580000E+07
0.18600000E+07
0.18620000E+07
0.18640000E+07
0.18660000E+07
0.18680000E+07
0.18700000E+07
0.18720000E+07
0.18740000E+07
0.18760000E+07
0.18780000E+07
0.18800000E+07
0.18820000E+07
0.18840000E+07
0.18860000E+07
0.18880000E+07
0.18900000E+07
0.18920000E+07
0.18940000E+07
0.18960000E+07
0.18980000E+07
0.19000000E+07
0.19020000E+07
0.19040000E+07
0.19060000E+07
0.19080000E+07
0.19100000E+07
0.19120000E+07
0.19140000E+07
0.19160000E+07
0.19180000E+07
0.19200000E+07
0.19220000E+07
0.19240000E+07
0.19260000E+07
0.19280000E+07
0.19300000E+07
0.19320000E+07
0.19340000E+07
0.19360000E+07
0.19380000E+07
0.19400000E+07
0.19420000E+07
0.19440000E+07
0.19460000E+07
0.19480000E+07
0.19500000E+07
0.19520000E+07
0.19540000E+07
0.19560000E+07
0.19580000E+07
0.19600000E+07
0.19620000E+07
0.19640000E+07
0.19660000E+07
0.19680000E+07
0.19700000E+07
0.19720000E+07
0.19740000E+07
0.19760000E+07
0.19780000E+07
0.19800000E+07
0.19820000E+07
0.19840000E+07
0.19860000E+07
0.19880000E+07
0.19900000E+07
0.19920000E+07
0.19940000E+07
0.19960000E+07
0.19980000E+07
0.20000000E+07
0.20020000E+07
0.20040000E+07
0.20060000E+07
0.20080000E+07
0.20100000E+07
0.20120000E+07
0.20140000E+07
0.20160000E+07
0.20180000E+07
0.20200000E+07
0.20220000E+07
0.20240000E+07
0.20260000E+07
0.20280000E+07
0.20300000E+07
0.20320000E+07
0.20340000E+07
0.20360000E+07
0.20380000E+07
0.20400000E+07
0.20420000E+07
0.20440000E+07
0.20460000E+07
0.20480000E+07
0.20500000E+07
0.20520000E+07
0.20540000E+07
0.20560000E+07
0.20580000E+07
0.20600000E+07
0.20620000E+07
0.20640000E+07
0.20660000E+07
0.20680000E+07
0.20700000E+07
0.20720000E+07
0.20740000E+07
0.20760000E+07
0.20780000E+07
0.20800000E+07
0.20820000E+07
0.20840000E+07
0.20860000E+07
0.20880000E+07
0.20900000E+07
0.20920000E+07
0.20940000E+07
0.20960000E+07
0.20980000E+07
0.21000000E+07
0.21020000E+07
0.21040000E+07
0.21060000E+07
0.21080000E+07
0.21100000E+07
0.21120000E+07
0.21140000E+07
0.21160000E+07
0.21180000E+07
0.21200000E+07
0.21220000E+07
0.21240000E+07
0.21260000E+07
0.21280000E+07
0.21300000E+07
0.21320000E+07
0.21340000E+07
0.21360000E+07
0.21380000E+07
0.21400000E+07
0.21420000E+07
0.21440000E+07
0.21460000E+07
0.21480000E+07
0.21500000E+07
0.21520000E+07
0.21540000E+07
0.21560000E+07
0.21580000E+07
0.21600000E+07
0.21620000E+07
0.21640000E+07
0.21660000E+07
0.21680000E+07
0.21700000E+07
0.21720000E+07
0.21740000E+07
0.21760000E+07
0.21780000E+07
0.21800000E+07
0.21820000E+07
0.21840000E+07
0.21860000E+07
0.21880000E+07
0.21900000E+07
0.21920000E+07
0.21940000E+07
0.21960000E+07
0.21980000E+07
0.22000000E+07
0.22020000E+07
0.22040000E+07
0.22060000E+07
0.22080000E+07
0.22100000E+07
0.22120000E+07
0.22140000E+07
0.22160000E+07
0.22180000E+07
0.22200000E+07
0.22220000E+07
0.22240000E+07
0.22260000E+07
0.22280000E+07
0.22300000E+07
0.22320000E+07
0.22340000E+07
0.22360000E+07
0.22379999E+07
0.22399999E+07
0.22419999E+07
0.22439999E+07
0.22459999E+07
0.22479999E+07
0.22499999E+07
0.22519999E+07
0.22539999E+07
0.22559999E+07
0.22579999E+07
0.22599999E+07
0.22619999E+07
0.22639999E+07
0.22659999E+07
0.22679999E+07
0.22699999E+07
0.22719999E+07
0.22739999E+07
0.22759999E+07
0.22779999E+07
0.22799999E+07
0.22819999E+07
0.22839999E+07
0.22859999E+07
0.22879999E+07
0.22899999E+07
0.22919999E+07
0.22939999E+07
0.22959999E+07
0.22979999E+07
0.22999999E+07
0.23019999E+07
0.23039999E+07
0.23059999E+07
0.23079999E+07
0.23099999E+07
0.23119999E+07
0.23139999E+07
0.23159999E+07
0.23179999E+07
0.23199999E+07
0.23219999E+07
0.23239999E+07
0.23259999E+07
0.23279999E+07
0.23299999E+07
0.23319999E+07
0.23339999E+07
0.23359999E+07
0.23379999E+07
0.23399999E+07
0.23419999E+07
0.23439999E+07
0.23459999E+07
0.23479999E+07
0.23499999E+07
0.23519999E+07
0.23539999E+07
0.23559999E+07
0.23579999E+07
0.23599999E+07
0.23619999E+07
0.23639999E+07
0.23659999E+07
0.23679999E+07
0.23699999E+07
0.23719999E+07
0.23739999E+07
0.23759999E+07
0.23779999E+07
0.23799999E+07
0.23819999E+07
0.23839999E+07
0.23859999E+07
0.23879999E+07
0.23899999E+07
0.23919999E+07
0.23939999E+07
0.23959999E+07
0.23979999E+07
0.23999999E+07
0.24019999E+07
0.24039999E+07
0.24059999E+07
0.24079999E+07
0.24099999E+07
0.24119999E+07
0.24139999E+07
0.24159999E+07
0.24179999E+07
0.24199999E+07
0.24219999E+07
0.24239999E+07
0.24259999E+07
0.24279999E+07
0.24299999E+07
0.24319999E+07
0.24339999E+07
0.24359999E+07
0.24379999E+07
0.24399999E+07
0.24419999E+07
0.24439999E+07
0.24459999E+07
0.24479999E+07
0.24499999E+07
0.24519999E+07
0.24539999E+07
0.24559999E+07
0.24579999E+07
0.24599999E+07
0.24619999E+07
0.24639999E+07
0.24659999E+07
0.24679999E+07
0.24699999E+07
0.24719999E+07
0.24739999E+07
0.24759999E+07
0.24779999E+07
0.24799999E+07
0.24819999E+07
0.24839999E+07
0.24859999E+07
0.24879999E+07
0.24899999E+07
0.24919999E+07
0.24939999E+07
0.24959999E+07
0.24979999E+07
0.24999999E+07
0.25019999E+07
0.25039999E+07
0.25059999E+07
0.25079999E+07
0.25099999E+07
0.25119999E+07
0.25139999E+07
0.25159999E+07
0.25179999E+07
0.25199999E+07
0.25219999E+07
0.25239999E+07
0.25259999E+07
0.25279999E+07
0.25299999E+07
0.25319999E+07
0.25339999E+07
0.25359999E+07
0.25379999E+07
0.25399999E+07
0.25419999E+07
0.25439999E+07
0.25459999E+07
0.25479999E+07
0.25499999E+07
0.25519999E+07
0.25539999E+07
0.25559999E+07
0.25579999E+07
0.25599999E+07
0.25619999E+07
0.25639999E+07
0.25659999E+07
0.25679999E+07
0.25699999E+07
0.25719999E+07
0.25739999E+07
0.25759999E+07
0.25779999E+07
0.25799999E+07
0.25819999E+07
0.25839999E+07
0.25859999E+07
0.25879999E+07
0.25899999E+07
0.25919999E+07
0.25939999E+07
0.25959999E+07
0.25979999E+07
0.25999999E+07
0.26019999E+07
0.26039999E+07
0.26059999E+07
0.26079999E+07
0.26099999E+07
0.26119999E+07
0.26139999E+07
0.26159999E+07
0.26179999E+07
0.26199999E+07
0.26219999E+07
0.26239999E+07
0.26259999E+07
0.26279999E+07
0.26299999E+07
0.26319999E+07
0.26339999E+07
0.26359999E+07
0.26379999E+07
0.26399999E+07
0.26419999E+07
0.26439999E+07
0.26459999E+07
0.26479999E+07
0.26499999E+07
0.26519999E+07
0.26539999E+07
0.26559999E+07
0.26579999E+07
0.26599999E+07
0.26619999E+07
0.26639999E+07
0.26659999E+07
0.26679999E+07
0.26699999E+07
0.26719999E+07
0.26739999E+07
0.26759999E+07
0.26779999E+07
0.26799999E+07
0.26819999E+07
0.26839999E+07
0.26859999E+07
0.26879999E+07
0.26899999E+07
0.26919999E+07
0.26939999E+07
0.26959999E+07
0.26979999E+07
0.26999999E+07
0.27019999E+07
0.27039999E+07
0.27059999E+07
0.27079999E+07
0.27099999E+07
0.27119999E+07
0.27139999E+07
0.27159999E+07
0.27179999E+07
0.27199999E+07
0.27219999E+07
0.27239999E+07
0.27259999E+07
0.27279999E+07
0.27299999E+07
0.27319999E+07
0.27339999E+07
0.27359999E+07
0.27379999E+07
0.27399999E+07
0.27419999E+07
0.27439999E+07
0.27459999E+07
0.27479999E+07
0.27499999E+07
0.27519999E+07
0.27539999E+07
0.27559999E+07
0.27579999E+07
0.27599999E+07
0.27619999E+07
0.27639999E+07
0.27659999E+07
0.27679999E+07
0.27699999E+07
0.27719999E+07
0.27739999E+07
0.27759999E+07
0.27779999E+07
0.27799999E+07
0.27819999E+07
0.27839999E+07
0.27859999E+07
0.27879999E+07
0.27899999E+07
0.27919999E+07
0.27939999E+07
0.27959999E+07
0.27979999E+07
0.27999999E+07
0.28019999E+07
0.28039999E+07
0.28059999E+07
0.28079999E+07
0.28099999E+07
0.28119999E+07
0.28139999E+07
0.28159999E+07
0.28179999E+07
0.28199999E+07
0.28219999E+07
0.28239999E+07
0.28259999E+07
0.28279999E+07
0.28299999E+07
0.28319999E+07
0.28339999E+07
0.28359999E+07
0.28379999E+07
0.28399999E+07
0.28419999E+07
0.28439999E+07
0.28459999E+07
0.28479999E+07
0.28499999E+07
0.28519999E+07
0.28539999E+07
0.28559999E+07
0.28579999E+07
0.28599999E+07
0.28619999E+07
0.28639999E+07
0.28659999E+07
0.28679999E+07
0.28699999E+07
0.28719999E+07
0.28739999E+07
0.28759999E+07
0.28779999E+07
0.28799999E+07
0.28819999E+07
0.28839999E+07
0.28859999E+07
0.28879999E+07
0.28899999E+07
0.28919999E+07
0.28939999E+07
0.28959999E+07
0.28979999E+07
0.28999999E+07
0.29019999E+07
0.29039999E+07
0.29059999E+07
0.29079999E+07
0.29099999E+07
0.29119999E+07
0.29139999E+07
0.29159999E+07
0.29179999E+07
0.29199999E+07
0.29219999E+07
0.29239999E+07
0.29259999E+07
0.29279999E+07
0.29299999E+07
0.29319999E+07
0.29339999E+07
0.29359999E+07
0.29379999E+07
0.29399999E+07
0.29419999E+07
0.29439999E+07
0.29459999E+07
0.29479999E+07
0.29499999E+07
0.29519999E+07
0.29539999E+07
0.29559999E+07
0.29579999E+07
0.29599999E+07
0.29619999E+07
0.29639999E+07
0.29659999E+07
0.29679999E+07
0.29699999E+07
0.29719999E+07
0.29739999E+07
0.29759999E+07
0.29779999E+07
0.29799999E+07
0.29819999E+07
0.29839999E+07
0.29859999E+07
0.29879999E+07
0.29899999E+07
0.29919999E+07
0.29939999E+07
0.29959999E+07
0.29979999E+07
0.29999999E+07
0.30019999E+07
0.30039999E+07
0.30059999E+07
0.30079999E+07
0.30099999E+07
0.30119999E+07
0.30139999E+07
0.30159999E+07
0.30179999E+07
0.30199999E+07
0.30219999E+07
0.30239999E+07
0.30259999E+07
0.30279999E+07
0.30299999E+07
0.30319999E+07
0.30339999E+07
0.30359999E+07
0.30379999E+07
0.30399999E+07
0.30419999E+07
0.30439999E+07
0.30459999E+07
0.30479999E+07
0.30499999E+07
0.30519999E+07
0.30539999E+07
0.30559999E+07
0.30579999E+07
0.30599999E+07
0.30619999E+07
0.30639999E+07
0.30659999E+07
0.30679999E+07
0.30699999E+07
0.30719999E+07
0.30739999E+07
0.30759999E+07
0.30779999E+07
0.30799999E+07
0.30819999E+07
0.30839999E+07
0.30859999E+07
0.30879999E+07
0.30899999E+07
0.30919999E+07
0.30939999E+07
0.30959999E+07
0.30979999E+07
0.30999999E+07
0.31019999E+07
0.31039999E+07
0.31059999E+07
0.31079999E+07
0.31099999E+07
0.31119999E+07
0.31139999E+07
0.31159999E+07
0.31179999E+07
0.31199999E+07
0.31219999E+07
0.31239999E+07
0.31259999E+07
0.31279999E+07
0.31299999E+07
0.31319999E+07
0.31339999E+07
0.31359999E+07
0.31379999E+07
0.31399999E+07
0.31419999E+07
0.31439999E+07
0.31459999E+07
0.31479999E+07
0.31499999E+07
0.31519999E+07
0.31539999E+07
0.31559999E+07
0.31579999E+07
0.31599999E+07
0.31619999E+07
0.31639999E+07
0.31659999E+07
0.31679999E+07
0.31699999E+07
0.31719999E+07
0.31739999E+07
0.31759999E+07
0.31779999E+07
0.31799999E+07
0.31819999E+07
0.31839999E+07
0.31859999E+07
0.31879999E+07
0.31899999E+07
0.31919999E+07
0.31939999E+07
0.31959999E+07
0.31979999E+07
0.31999999E+07
0.32019999E+07
0.32039999E+07
0.32059999E+07
0.32079999E+07
0.32099999E+07
0.32119999E+07
0.32139999E+07
0.32159999E+07
0.32179999E+07
0.32199999E+07
0.32219999E+07
0.32239999E+07
0.32259999E+07
0.32279999E+07
0.32299999E+07
0.32319999E+07
0.32339999E+07
0.32359999E+07
0.32379999E+07
0.32399999E+07
0.32419999E+07
0.32439999E+07
0.32459999E+07
0.32479999E+07
0.32499999E+07
0.32519999E+07
0.32539999E+07
0.32559999E+07
0.32579999E+07
0.32599999E+07
0.32619999E+07
0.32639999E+07
0.32659999E+07
0.32679999E+07
0.32699999E+07
0.32719999E+07
0.32739999E+07
0.32759999E+07
0.32779999E+07
0.32799999E+07
0.32819999E+07
0.32839999E+07
0.32859999E+07
0.32879999E+07
0.32899999E+07
0.32919999E+07
0.32939999E+07
0.32959999E+07
0.32979999E+07
0.32999999E+07
0.33019999E+07
0.33039999E+07
0.33059999E+07
0.33079999E+07
0.33099999E+07
0.33119999E+07
0.33139999E+07
0.33159999E+07
0.33179999E+07
0.33199999E+07
0.33219999E+07
0.33239999E+07
0.33259999E+07
0.33279999E+07
0.33299999E+07
0.33319999E+07
0.33339999E+07
0.33359999E+07
0.33379999E+07
0.33399999E+07
0.33419999E+07
0.33439999E+07
0.33459999E+07
0.33479999E+07
0.33499999E+07
0.33519999E+07
0.33539999E+07
0.33559999E+07
0.33579999E+07
0.33599999E+07
0.33619999E+07
0.33639999E+07
0.33659999E+07
0.33679999E+07
0.33699999E+07
0.33719999E+07
0.33739999E+07
0.33759999E+07
0.33779999E+07
0.33799999E+07
0.33819999E+07
0.33839999E+07
0.33859999E+07
0.33879999E+07
0.33899999E+07
0.33919999E+07
0.33939999E+07
0.33959999E+07
0.33979999E+07
0.33999999E+07
0.34019999E+07
0.34039999E+07
0.34059999E+07
0.34079999E+07
0.34099999E+07
0.34119999E+07
0.34139999E+07
0.34159999E+07
0.34179999E+07
0.34199999E+07
0.34219999E+07
0.34239999E+07
0.34259999E+07
0.34279999E+07
0.34299999E+07
0.34319999E+07
0.34339999E+07
0.34359999E+07
0.34379999E+07
0.34399999E+07
0.34419999E+07
0.34439999E+07
0.34459999E+07
0.34479999E+07
0.34499999E+07
0.34519999E+07
0.34539999E+07
0.34559999E+07
0.34579999E+07
0.34599999E+07
0.34619999E+07
0.34639999E+07
0.34659999E+07
0.34679999E+07
0.34699999E+07
0.34719999E+07
0.34739999E+07
0.34759999E+07
0.34779999E+07
0.34799999E+07
0.34819999E+07
0.34839999E+07
0.34859999E+07
0.34879999E+07
0.34899999E+07
0.34919999E+07
0.34939999E+07
0.34959999E+07
0.34979999E+07
0.34999999E+07
0.35019999E+07
0.35039999E+07
0.35059999E+07
0.35079999E+07
0.35099999E+07
0.35119999E+07
0.35139999E+07
0.35159999E+07
0.35179999E+07
0.35199999E+07
0.35219999E+07
0.35239999E+07
0.35259999E+07
0.35279999E+07
0.35299999E+07
0.35319999E+07
0.35339999E+07
0.35359999E+07
0.35379999E+07
0.35399999E+07
0.35419999E+07
0.35439999E+07
0.35459999E+07
0.35479999E+07
0.35499999E+07
0.35519999E+07
0.35539999E+07
0.35559999E+07
0.35579999E+07
0.35599999E+07
0.35619999E+07
0.35639999E+07
0.35659999E+07
0.35679999E+07
0.35699999E+07
0.35719999E+07
0.35739999E+07
0.35759999E+07
0.35779999E+07
0.35799999E+07
0.35819999E+07
0.35839999E+07
0.35859999E+07
0.35879999E+07
0.35899999E+07
0.35919999E+07
0.35939999E+07
0.35959999E+07
0.35979999E+07
0.35999999E+07
0.36019999E+07
0.36039999E+07
0.36059999E+07
0.36079999E+07
0.36099999E+07
0.36119999E+07
0.36139999E+07
0.36159999E+07
0.36179999E+07
0.36199999E+07
0.36219999E+07
0.36239999E+07
0.36259999E+07
0.36279999E+07
0.36299999E+07
0.36319999E+07
0.36339999E+07
0.36359999E+07
0.36379999E+07
0.36399999E+07
0.36419999E+07
0.36439999E+07
0.36459999E+07
0.36479999E+07
0.36499999E+07
0.36519999E+07
0.36539999E+07
0.36559999E+07
0.36579999E+07
0.36599999E+07
0.36619999E+07
0.36639999E+07
0.36659999E+07
0.36679999E+07
0.36699999E+07
0.36719999E+07
0.36739999E+07
0.36759999E+07
0.36779999E+07
0.36799999E+07
0.36819999E+07
0.36839999E+07
0.36859999E+07
0.36879999E+07
0.36899999E+07
0.36919999E+07
0.36939999E+07
0.36959999E+07
0.36979999E+07
0.36999999E+07
0.37019999E+07
0.37039999E+07
0.37059999E+07
0.37079999E+07
0.37099999E+07
0.37119999E+07
0.37139999E+07
0.37159999E+07
0.37179999E+07
0.37199999E+07
0.37219999E+07
0.37239999E+07
0.37259999E+07
0.37279999E+07
0.37299999E+07
0.37319999E+07
0.37339999E+07
0.37359999E+07
0.37379999E+07
0.37399999E+07
0.37419999E+07
0.37439999E+07
0.37459999E+07
0.37479999E+07
0.37499999E+07
0.37519999E+07
0.37539999E+07
0.37559999E+07
0.37579999E+07
0.37599999E+07
0.37619999E+07
0.37639999E+07
0.37659999E+07
0.37679999E+07
0.37699999E+07
0.37719999E+07
0.37739999E+07
0.37759999E+07
0.37779999E+07
0.37799999E+07
0.37819999E+07
0.37839999E+07
0.37859999E+07
0.37879999E+07
0.37899999E+07
0.37919999E+07
0.37939999E+07
0.37959999E+07
0.37979999E+07
0.37999999E+07
0.38019999E+07
0.38039999E+07
0.38059999E+07
0.38079999E+07
0.38099999E+07
0.38119999E+07
0.38139999E+07
0.38159999E+07
0.38179999E+07
0.38199999E+07
0.38219999E+07
0.38239999E+07
0.38259999E+07
0.38279999E+07
0.38299999E+07
0.38319999E+07
0.38339999E+07
0.38359999E+07
0.38379999E+07
0.38399999E+07
0.38419999E+07
0.38439999E+07
0.38459999E+07
0.38479999E+07
0.38499999E+07
0.38519999E+07
0.38539999E+07
0.38559999E+07
0.38579999E+07
0.38599999E+07
0.38619999E+07
0.38639999E+07
0.38659999E+07
0.38679999E+07
0.38699999E+07
0.38719999E+07
0.38739999E+07
0.38759999E+07
0.38779999E+07
0.38799999E+07
0.38819999E+07
0.38839999E+07
0.38859999E+07
0.38879999E+07
0.38899999E+07
0.38919999E+07
0.38939999E+07
0.38959999E+07
0.38979999E+07
0.38999999E+07
0.39019999E+07
0.39039999E+07
0.39059999E+07
0.39079999E+07
0.39099999E+07
0.39119999E+07
0.39139999E+07
0.39159999E+07
0.39179999E+07
0.39199999E+07
0.39219999E+07
0.39239999E+07
0.39259999E+07
0.39279999E+07
0.39299999E+07
0.39319999E+07
0.39339999E+07
0.39359999E+07
0.39379999E+07
0.39399999E+07
0.39419999E+07
0.39439999E+07
0.39459999E+07
0.39479999E+07
0.39499999E+07
0.39519999E+07
0.39539999E+07
0.39559999E+07
0.39579999E+07
0.39599999E+07
0.39619999E+07
0.39639999E+07
0.39659999E+07
0.39679999E+07
0.39699999E+07
0.39719999E+07
0.39739999E+07
0.39759999E+07
0.39779999E+07
0.39799999E+07
0.39819999E+07
0.39839999E+07
0.39859999E+07
0.39879999E+07
0.39899999E+07
0.39919999E+07
0.39939999E+07
0.39959999E+07
0.39979999E+07
0.39999999E+07
 Cas b): 
0.00000000E+00
0.20000000E+04
0.40000000E+04
0.60000000E+04
0.80000000E+04
0.10000000E+05
0.12000000E+05
0.14000000E+05
0.16000000E+05
0.18000000E+05
0.20000000E+05
0.22000000E+05
0.24000000E+05
0.26000000E+05
0.28000000E+05
0.30000000E+05
0.32000000E+05
0.34000000E+05
0.36000000E+05
0.38000000E+05
0.40000000E+05
0.42000000E+05
0.44000000E+05
0.46000000E+05
0.48000000E+05
0.50000000E+05
0.52000000E+05
0.54000000E+05
0.56000000E+05
0.58000000E+05
0.60000000E+05
0.62000000E+05
0.64000000E+05
0.66000000E+05
0.68000000E+05
0.70000000E+05
0.72000000E+05
0.74000000E+05
0.76000000E+05
0.78000000E+05
0.80000000E+05
0.82000000E+05
0.84000000E+05
0.86000000E+05
0.88000000E+05
0.90000000E+05
0.92000000E+05
0.94000000E+05
0.96000000E+05
0.98000000E+05
0.10000000E+06
0.10200000E+06
0.10400000E+06
0.10600000E+06
0.10800000E+06
0.11000000E+06
0.11200000E+06
0.11400000E+06
0.11600000E+06
0.11800000E+06
0.12000000E+06
0.12200000E+06
0.12400000E+06
0.12600000E+06
0.12800000E+06
0.13000000E+06
0.13200000E+06
0.13400000E+06
0.13600000E+06
0.13800000E+06
0.14000000E+06
0.14200000E+06
0.14400000E+06
0.14600000E+06
0.14800000E+06
0.15000000E+06
0.15200000E+06
0.15400000E+06
0.15600000E+06
0.15800000E+06
0.16000000E+06
0.16200000E+06
0.16400000E+06
0.16600000E+06
0.16800000E+06
0.17000000E+06
0.17200000E+06
0.17400000E+06
0.17600000E+06
0.17800000E+06
0.18000000E+06
0.18200000E+06
0.18400000E+06
0.18600000E+06
0.18800000E+06
0.19000000E+06
0.19200000E+06
0.19400000E+06
0.19600000E+06
0.19800000E+06
0.20000000E+06
0.20200000E+06
0.20400000E+06
0.20600000E+06
0.20800000E+06
0.21000000E+06
0.21200000E+06
0.21400000E+06
0.21600000E+06
0.21800000E+06
0.22000000E+06
0.22200000E+06
0.22400000E+06
0.22600000E+06
0.22800000E+06
0.23000000E+06
0.23200000E+06
0.23400000E+06
0.23600000E+06
0.23800000E+06
0.24000000E+06
0.24200000E+06
0.24400000E+06
0.24600000E+06
0.24800000E+06
0.25000000E+06
0.25200000E+06
0.25400000E+06
0.25600000E+06
0.25800000E+06
0.26000000E+06
0.26200000E+06
0.26400000E+06
0.26600000E+06
0.26800000E+06
0.27000000E+06
0.27200000E+06
0.27400000E+06
0.27600000E+06
0.27800000E+06
0.28000000E+06
0.28200000E+06
0.28400000E+06
0.28600000E+06
0.28800000E+06
0.29000000E+06
0.29200000E+06
0.29400000E+06
0.29600000E+06
0.29800000E+06
0.30000000E+06
0.30200000E+06
0.30400000E+06
0.30600000E+06
0.30800000E+06
0.31000000E+06
0.31200000E+06
0.31400000E+06
0.31600000E+06
0.31800000E+06
0.32000000E+06
0.32200000E+06
0.32400000E+06
0.32600000E+06
0.32800000E+06
0.33000000E+06
0.33200000E+06
0.33400000E+06
0.33600000E+06
0.33800000E+06
0.34000000E+06
0.34200000E+06
0.34400000E+06
0.34600000E+06
0.34800000E+06
0.35000000E+06
0.35200000E+06
0.35400000E+06
0.35600000E+06
0.35800000E+06
0.36000000E+06
0.36200000E+06
0.36400000E+06
0.36600000E+06
0.36800000E+06
0.37000000E+06
0.37200000E+06
0.37400000E+06
0.37600000E+06
0.37800000E+06
0.38000000E+06
0.38200000E+06
0.38400000E+06
0.38600000E+06
0.38800000E+06
0.39000000E+06
0.39200000E+06
0.39400000E+06
0.39600000E+06
0.39800000E+06
0.40000000E+06
0.40200000E+06
0.40400000E+06
0.40600000E+06
0.40800000E+06
0.41000000E+06
0.41200000E+06
0.41400000E+06
0.41600000E+06
0.41800000E+06
0.42000000E+06
0.42200000E+06
0.42400000E+06
0.42600000E+06
0.42800000E+06
0.43000000E+06
0.43200000E+06
0.43400000E+06
0.43600000E+06
0.43800000E+06
0.44000000E+06
0.44200000E+06
0.44400000E+06
0.44600000E+06
0.44800000E+06
0.45000000E+06
0.45200000E+06
0.45400000E+06
0.45600000E+06
0.45800000E+06
0.46000000E+06
0.46200000E+06
0.46400000E+06
0.46600000E+06
0.46800000E+06
0.47000000E+06
0.47200000E+06
0.47400000E+06
0.47600000E+06
0.47800000E+06
0.48000000E+06
0.48200000E+06
0.48400000E+06
0.48600000E+06
0.48800000E+06
0.49000000E+06
0.49200000E+06
0.49400000E+06
0.49600000E+06
0.49800000E+06
0.50000000E+06
0.50200000E+06
0.50400000E+06
0.50600000E+06
0.50800000E+06
0.51000000E+06
0.51200000E+06
0.51400000E+06
0.51600000E+06
0.51800000E+06
0.52000000E+06
0.52200000E+06
0.52400000E+06
0.52600000E+06
0.52800000E+06
0.53000000E+06
0.53200000E+06
0.53400000E+06
0.53600000E+06
0.53800000E+06
0.54000000E+06
0.54200000E+06
0.54400000E+06
0.54600000E+06
0.54800000E+06
0.55000000E+06
0.55200000E+06
0.55400000E+06
0.55600000E+06
0.55800000E+06
0.56000000E+06
0.56200000E+06
0.56400000E+06
0.56600000E+06
0.56800000E+06
0.57000000E+06
0.57200000E+06
0.57400000E+06
0.57600000E+06
0.57800000E+06
0.58000000E+06
0.58200000E+06
0.58400000E+06
0.58600000E+06
0.58800000E+06
0.59000000E+06
0.59200000E+06
0.59400000E+06
0.59600000E+06
0.59800000E+06
0.60000000E+06
0.60200000E+06
0.60400000E+06
0.60600000E+06
0.60800000E+06
0.61000000E+06
0.61200000E+06
0.61400000E+06
0.61600000E+06
0.61800000E+06
0.62000000E+06
0.62200000E+06
0.62400000E+06
0.62600000E+06
0.62800000E+06
0.63000000E+06
0.63200000E+06
0.63400000E+06
0.63600000E+06
0.63800000E+06
0.64000000E+06
0.64200000E+06
0.64400000E+06
0.64600000E+06
0.64800000E+06
0.65000000E+06
0.65200000E+06
0.65400000E+06
0.65600000E+06
0.65800000E+06
0.66000000E+06
0.66200000E+06
0.66400000E+06
0.66600000E+06
0.66800000E+06
0.67000000E+06
0.67200000E+06
0.67400000E+06
0.67600000E+06
0.67800000E+06
0.68000000E+06
0.68200000E+06
0.68400000E+06
0.68600000E+06
0.68800000E+06
0.69000000E+06
0.69200000E+06
0.69400000E+06
0.69600000E+06
0.69800000E+06
0.70000000E+06
0.70200000E+06
0.70400000E+06
0.70600000E+06
0.70800000E+06
0.71000000E+06
0.71200000E+06
0.71400000E+06
0.71600000E+06
0.71800000E+06
0.72000000E+06
0.72200000E+06
0.72400000E+06
0.72600000E+06
0.72800000E+06
0.73000000E+06
0.73200000E+06
0.73400000E+06
0.73600000E+06
0.73800000E+06
0.74000000E+06
0.74200000E+06
0.74400000E+06
0.74600000E+06
0.74800000E+06
0.75000000E+06
0.75200000E+06
0.75400000E+06
0.75600000E+06
0.75800000E+06
0.76000000E+06
0.76200000E+06
0.76400000E+06
0.76600000E+06
0.76800000E+06
0.77000000E+06
0.77200000E+06
0.77400000E+06
0.77600000E+06
0.77800000E+06
0.78000000E+06
0.78200000E+06
0.78400000E+06
0.78600000E+06
0.78800000E+06
0.79000000E+06
0.79200000E+06
0.79400000E+06
0.79600000E+06
0.79800000E+06
0.80000000E+06
0.80200000E+06
0.80400000E+06
0.80600000E+06
0.80800000E+06
0.81000000E+06
0.81200000E+06
0.81400000E+06
0.81600000E+06
0.81800000E+06
0.82000000E+06
0.82200000E+06
0.82400000E+06
0.82600000E+06
0.82800000E+06
0.83000000E+06
0.83200000E+06
0.83400000E+06
0.83600000E+06
0.83800000E+06
0.84000000E+06
0.84200000E+06
0.84400000E+06
0.84600000E+06
0.84800000E+06
0.85000000E+06
0.85200000E+06
0.85400000E+06
0.85600000E+06
0.85800000E+06
0.86000000E+06
0.86200000E+06
0.86400000E+06
0.86600000E+06
0.86800000E+06
0.87000000E+06
0.87200000E+06
0.87400000E+06
0.87600000E+06
0.87800000E+06
0.88000000E+06
0.88200000E+06
0.88400000E+06
0.88600000E+06
0.88800000E+06
0.89000000E+06
0.89200000E+06
0.89400000E+06
0.89600000E+06
0.89800000E+06
0.90000000E+06
0.90200000E+06
0.90400000E+06
0.90600000E+06
0.90800000E+06
0.91000000E+06
0.91200000E+06
0.91400000E+06
0.91600000E+06
0.91800000E+06
0.92000000E+06
0.92200000E+06
0.92400000E+06
0.92600000E+06
0.92800000E+06
0.93000000E+06
0.93200000E+06
0.93400000E+06
0.93600000E+06
0.93800000E+06
0.94000000E+06
0.94200000E+06
0.94400000E+06
0.94600000E+06
0.94800000E+06
0.95000000E+06
0.95200000E+06
0.95400000E+06
0.95600000E+06
0.95800000E+06
0.96000000E+06
0.96200000E+06
0.96400000E+06
0.96600000E+06
0.96800000E+06
0.97000000E+06
0.97200000E+06
0.97400000E+06
0.97600000E+06
0.97800000E+06
0.98000000E+06
0.98200000E+06
0.98400000E+06
0.98600000E+06
0.98800000E+06
0.99000000E+06
0.99200000E+06
0.99400000E+06
0.99600000E+06
0.99800000E+06
0.10000000E+07
0.10020000E+07
0.10040000E+07
0.10060000E+07
0.10080000E+07
0.10100000E+07
0.10120000E+07
0.10140000E+07
0.10160000E+07
0.10180000E+07
0.10200000E+07
0.10220000E+07
0.10240000E+07
0.10260000E+07
0.10280000E+07
0.10300000E+07
0.10320000E+07
0.10340000E+07
0.10360000E+07
0.10380000E+07
0.10400000E+07
0.10420000E+07
0.10440000E+07
0.10460000E+07
0.10480000E+07
0.10500000E+07
0.10520000E+07
0.10540000E+07
0.10560000E+07
0.10580000E+07
0.10600000E+07
0.10620000E+07
0.10640000E+07
0.10660000E+07
0.10680000E+07
0.10700000E+07
0.10720000E+07
0.10740000E+07
0.10760000E+07
0.10780000E+07
0.10800000E+07
0.10820000E+07
0.10840000E+07
0.10860000E+07
0.10880000E+07
0.10900000E+07
0.10920000E+07
0.10940000E+07
0.10960000E+07
0.10980000E+07
0.11000000E+07
0.11020000E+07
0.11040000E+07
0.11060000E+07
0.11080000E+07
0.11100000E+07
0.11120000E+07
0.11140000E+07
0.11160000E+07
0.11180000E+07
0.11200000E+07
0.11220000E+07
0.11240000E+07
0.11260000E+07
0.11280000E+07
0.11300000E+07
0.11320000E+07
0.11340000E+07
0.11360000E+07
0.11380000E+07
0.11400000E+07
0.11420000E+07
0.11440000E+07
0.11460000E+07
0.11480000E+07
0.11500000E+07
0.11520000E+07
0.11540000E+07
0.11560000E+07
0.11580000E+07
0.11600000E+07
0.11620000E+07
0.11640000E+07
0.11660000E+07
0.11680000E+07
0.11700000E+07
0.11720000E+07
0.11740000E+07
0.11760000E+07
0.11780000E+07
0.11800000E+07
0.11820000E+07
0.11840000E+07
0.11860000E+07
0.11880000E+07
0.11900000E+07
0.11920000E+07
0.11940000E+07
0.11960000E+07
0.11980000E+07
0.12000000E+07
0.12020000E+07
0.12040000E+07
0.12060000E+07
0.12080000E+07
0.12100000E+07
0.12120000E+07
0.12140000E+07
0.12160000E+07
0.12180000E+07
0.12200000E+07
0.12220000E+07
0.12240000E+07
0.12260000E+07
0.12280000E+07
0.12300000E+07
0.12320000E+07
0.12340000E+07
0.12360000E+07
0.12380000E+07
0.12400000E+07
0.12420000E+07
0.12440000E+07
0.12460000E+07
0.12480000E+07
0.12500000E+07
0.12520000E+07
0.12540000E+07
0.12560000E+07
0.12580000E+07
0.12600000E+07
0.12620000E+07
0.12640000E+07
0.12660000E+07
0.12680000E+07
0.12700000E+07
0.12720000E+07
0.12740000E+07
0.12760000E+07
0.12780000E+07
0.12800000E+07
0.12820000E+07
0.12840000E+07
0.12860000E+07
0.12880000E+07
0.12900000E+07
0.12920000E+07
0.12940000E+07
0.12960000E+07
0.12980000E+07
0.13000000E+07
0.13020000E+07
0.13040000E+07
0.13060000E+07
0.13080000E+07
0.13100000E+07
0.13120000E+07
0.13140000E+07
0.13160000E+07
0.13180000E+07
0.13200000E+07
0.13220000E+07
0.13240000E+07
0.13260000E+07
0.13280000E+07
0.13300000E+07
0.13320000E+07
0.13340000E+07
0.13360000E+07
0.13380000E+07
0.13400000E+07
0.13420000E+07
0.13440000E+07
0.13460000E+07
0.13480000E+07
0.13500000E+07
0.13520000E+07
0.13540000E+07
0.13560000E+07
0.13580000E+07
0.13600000E+07
0.13620000E+07
0.13640000E+07
0.13660000E+07
0.13680000E+07
0.13700000E+07
0.13720000E+07
0.13740000E+07
0.13760000E+07
0.13780000E+07
0.13800000E+07
0.13820000E+07
0.13840000E+07
0.13860000E+07
0.13880000E+07
0.13900000E+07
0.13920000E+07
0.13940000E+07
0.13960000E+07
0.13980000E+07
0.14000000E+07
0.14020000E+07
0.14040000E+07
0.14060000E+07
0.14080000E+07
0.14100000E+07
0.14120000E+07
0.14140000E+07
0.14160000E+07
0.14180000E+07
0.14200000E+07
0.14220000E+07
0.14240000E+07
0.14260000E+07
0.14280000E+07
0.14300000E+07
0.14320000E+07
0.14340000E+07
0.14360000E+07
0.14380000E+07
0.14400000E+07
0.14420000E+07
0.14440000E+07
0.14460000E+07
0.14480000E+07
0.14500000E+07
0.14520000E+07
0.14540000E+07
0.14560000E+07
0.14580000E+07
0.14600000E+07
0.14620000E+07
0.14640000E+07
0.14660000E+07
0.14680000E+07
0.14700000E+07
0.14720000E+07
0.14740000E+07
0.14760000E+07
0.14780000E+07
0.14800000E+07
0.14820000E+07
0.14840000E+07
0.14860000E+07
0.14880000E+07
0.14900000E+07
0.14920000E+07
0.14940000E+07
0.14960000E+07
0.14980000E+07
0.15000000E+07
0.15020000E+07
0.15040000E+07
0.15060000E+07
0.15080000E+07
0.15100000E+07
0.15120000E+07
0.15140000E+07
0.15160000E+07
0.15180000E+07
0.15200000E+07
0.15220000E+07
0.15240000E+07
0.15260000E+07
0.15280000E+07
0.15300000E+07
0.15320000E+07
0.15340000E+07
0.15360000E+07
0.15380000E+07
0.15400000E+07
0.15420000E+07
0.15440000E+07
0.15460000E+07
0.15480000E+07
0.15500000E+07
0.15520000E+07
0.15540000E+07
0.15560000E+07
0.15580000E+07
0.15600000E+07
0.15620000E+07
0.15640000E+07
0.15660000E+07
0.15680000E+07
0.15700000E+07
0.15720000E+07
0.15740000E+07
0.15760000E+07
0.15780000E+07
0.15800000E+07
0.15820000E+07
0.15840000E+07
0.15860000E+07
0.15880000E+07
0.15900000E+07
0.15920000E+07
0.15940000E+07
0.15960000E+07
0.15980000E+07
0.16000000E+07
0.16020000E+07
0.16040000E+07
0.16060000E+07
0.16080000E+07
0.16100000E+07
0.16120000E+07
0.16140000E+07
0.16160000E+07
0.16180000E+07
0.16200000E+07
0.16220000E+07
0.16240000E+07
0.16260000E+07
0.16280000E+07
0.16300000E+07
0.16320000E+07
0.16340000E+07
0.16360000E+07
0.16380000E+07
0.16400000E+07
0.16420000E+07
0.16440000E+07
0.16460000E+07
0.16480000E+07
0.16500000E+07
0.16520000E+07
0.16540000E+07
0.16560000E+07
0.16580000E+07
0.16600000E+07
0.16620000E+07
0.16640000E+07
0.16660000E+07
0.16680000E+07
0.16700000E+07
0.16720000E+07
0.16740000E+07
0.16760000E+07
0.16780000E+07
0.16800000E+07
0.16820000E+07
0.16840000E+07
0.16860000E+07
0.16880000E+07
0.16900000E+07
0.16920000E+07
0.16940000E+07
0.16960000E+07
0.16980000E+07
0.17000000E+07
0.17020000E+07
0.17040000E+07
0.17060000E+07
0.17080000E+07
0.17100000E+07
0.17120000E+07
0.17140000E+07
0.17160000E+07
0.17180000E+07
0.17200000E+07
0.17220000E+07
0.17240000E+07
0.17260000E+07
0.17280000E+07
0.17300000E+07
0.17320000E+07
0.17340000E+07
0.17360000E+07
0.17380000E+07
0.17400000E+07
0.17420000E+07
0.17440000E+07
0.17460000E+07
0.17480000E+07
0.17500000E+07
0.17520000E+07
0.17540000E+07
0.17560000E+07
0.17580000E+07
0.17600000E+07
0.17620000E+07
0.17640000E+07
0.17660000E+07
0.17680000E+07
0.17700000E+07
0.17720000E+07
0.17740000E+07
0.17760000E+07
0.17780000E+07
0.17800000E+07
0.17820000E+07
0.17840000E+07
0.17860000E+07
0.17880000E+07
0.17900000E+07
0.17920000E+07
0.17940000E+07
0.17960000E+07
0.17980000E+07
0.18000000E+07
0.18020000E+07
0.18040000E+07
0.18060000E+07
0.18080000E+07
0.18100000E+07
0.18120000E+07
0.18140000E+07
0.18160000E+07
0.18180000E+07
0.18200000E+07
0.18220000E+07
0.18240000E+07
0.18260000E+07
0.18280000E+07
0.18300000E+07
0.18320000E+07
0.18340000E+07
0.18360000E+07
0.18380000E+07
0.18400000E+07
0.18420000E+07
0.18440000E+07
0.18460000E+07
0.18480000E+07
0.18500000E+07
0.18520000E+07
0.18540000E+07
0.18560000E+07
0.18580000E+07
0.18600000E+07
0.18620000E+07
0.18640000E+07
0.18660000E+07
0.18680000E+07
0.18700000E+07
0.18720000E+07
0.18740000E+07
0.18760000E+07
0.18780000E+07
0.18800000E+07
0.18820000E+07
0.18840000E+07
0.18860000E+07
0.18880000E+07
0.18900000E+07
0.18920000E+07
0.18940000E+07
0.18960000E+07
0.18980000E+07
0.19000000E+07
0.19020000E+07
0.19040000E+07
0.19060000E+07
0.19080000E+07
0.19100000E+07
0.19120000E+07
0.19140000E+07
0.19160000E+07
0.19180000E+07
0.19200000E+07
0.19220000E+07
0.19240000E+07
0.19260000E+07
0.19280000E+07
0.19300000E+07
0.19320000E+07
0.19340000E+07
0.19360000E+07
0.19380000E+07
0.19400000E+07
0.19420000E+07
0.19440000E+07
0.19460000E+07
0.19480000E+07
0.19500000E+07
0.19520000E+07
0.19540000E+07
0.19560000E+07
0.19580000E+07
0.19600000E+07
0.19620000E+07
0.19640000E+07
0.19660000E+07
0.19680000E+07
0.19700000E+07
0.19720000E+07
0.19740000E+07
0.19760000E+07
0.19780000E+07
0.19800000E+07
0.19820000E+07
0.19840000E+07
0.19860000E+07
0.19880000E+07
0.19900000E+07
0.19920000E+07
0.19940000E+07
0.19960000E+07
0.19980000E+07
0.20000000E+07
0.20020000E+07
0.20040000E+07
0.20060000E+07
0.20080000E+07
0.20100000E+07
0.20120000E+07
0.20140000E+07
0.20160000E+07
0.20180000E+07
0.20200000E+07
0.20220000E+07
0.20240000E+07
0.20260000E+07
0.20280000E+07
0.20300000E+07
0.20320000E+07
0.20340000E+07
0.20360000E+07
0.20380000E+07
0.20400000E+07
0.20420000E+07
0.20440000E+07
0.20460000E+07
0.20480000E+07
0.20500000E+07
0.20520000E+07
0.20540000E+07
0.20560000E+07
0.20580000E+07
0.20600000E+07
0.20620000E+07
0.20640000E+07
0.20660000E+07
0.20680000E+07
0.20700000E+07
0.20720000E+07
0.20740000E+07
0.20760000E+07
0.20780000E+07
0.20800000E+07
0.20820000E+07
0.20840000E+07
0.20860000E+07
0.20880000E+07
0.20900000E+07
0.20920000E+07
0.20940000E+07
0.20960000E+07
0.20980000E+07
0.21000000E+07
0.21020000E+07
0.21040000E+07
0.21060000E+07
0.21080000E+07
0.21100000E+07
0.21120000E+07
0.21140000E+07
0.21160000E+07
0.21180000E+07
0.21200000E+07
0.21220000E+07
0.21240000E+07
0.21260000E+07
0.21280000E+07
0.21300000E+07
0.21320000E+07
0.21340000E+07
0.21360000E+07
0.21380000E+07
0.21400000E+07
0.21420000E+07
0.21440000E+07
0.21460000E+07
0.21480000E+07
0.21500000E+07
0.21520000E+07
0.21540000E+07
0.21560000E+07
0.21580000E+07
0.21600000E+07
0.21620000E+07
0.21640000E+07
0.21660000E+07
0.21680000E+07
0.21700000E+07
0.21720000E+07
0.21740000E+07
0.21760000E+07
0.21780000E+07
0.21800000E+07
0.21820000E+07
0.21840000E+07
0.21860000E+07
0.21880000E+07
0.21900000E+07
0.21920000E+07
0.21940000E+07
0.21960000E+07
0.21980000E+07
0.22000000E+07
0.22020000E+07
0.22040000E+07
0.22060000E+07
0.22080000E+07
0.22100000E+07
0.22120000E+07
0.22140000E+07
0.22160000E+07
0.22180000E+07
0.22200000E+07
0.22220000E+07
0.22240000E+07
0.22260000E+07
0.22280000E+07
0.22300000E+07
0.22320000E+07
0.22340000E+07
0.22360000E+07
0.22380000E+07
0.22400000E+07
0.22420000E+07
0.22440000E+07
0.22460000E+07
0.22480000E+07
0.22500000E+07
0.22520000E+07
0.22540000E+07
0.22560000E+07
0.22580000E+07
0.22600000E+07
0.22620000E+07
0.22640000E+07
0.22660000E+07
0.22680000E+07
0.22700000E+07
0.22720000E+07
0.22740000E+07
0.22760000E+07
0.22780000E+07
0.22800000E+07
0.22820000E+07
0.22840000E+07
0.22860000E+07
0.22880000E+07
0.22900000E+07
0.22920000E+07
0.22940000E+07
0.22960000E+07
0.22980000E+07
0.23000000E+07
0.23020000E+07
0.23040000E+07
0.23060000E+07
0.23080000E+07
0.23100000E+07
0.23120000E+07
0.23140000E+07
0.23160000E+07
0.23180000E+07
0.23200000E+07
0.23220000E+07
0.23240000E+07
0.23260000E+07
0.23280000E+07
0.23300000E+07
0.23320000E+07
0.23340000E+07
0.23360000E+07
0.23380000E+07
0.23400000E+07
0.23420000E+07
0.23440000E+07
0.23460000E+07
0.23480000E+07
0.23500000E+07
0.23520000E+07
0.23540000E+07
0.23560000E+07
0.23580000E+07
0.23600000E+07
0.23620000E+07
0.23640000E+07
0.23660000E+07
0.23680000E+07
0.23700000E+07
0.23720000E+07
0.23740000E+07
0.23760000E+07
0.23780000E+07
0.23800000E+07
0.23820000E+07
0.23840000E+07
0.23860000E+07
0.23880000E+07
0.23900000E+07
0.23920000E+07
0.23940000E+07
0.23960000E+07
0.23980000E+07
0.24000000E+07
0.24020000E+07
0.24040000E+07
0.24060000E+07
0.24080000E+07
0.24100000E+07
0.24120000E+07
0.24140000E+07
0.24160000E+07
0.24180000E+07
0.24200000E+07
0.24220000E+07
0.24240000E+07
0.24260000E+07
0.24280000E+07
0.24300000E+07
0.24320000E+07
0.24340000E+07
0.24360000E+07
0.24380000E+07
0.24400000E+07
0.24420000E+07
0.24440000E+07
0.24460000E+07
0.24480000E+07
0.24500000E+07
0.24520000E+07
0.24540000E+07
0.24560000E+07
0.24580000E+07
0.24600000E+07
0.24620000E+07
0.24640000E+07
0.24660000E+07
0.24680000E+07
0.24700000E+07
0.24720000E+07
0.24740000E+07
0.24760000E+07
0.24780000E+07
0.24800000E+07
0.24820000E+07
0.24840000E+07
0.24860000E+07
0.24880000E+07
0.24900000E+07
0.24920000E+07
0.24940000E+07
0.24960000E+07
0.24980000E+07
0.25000000E+07
0.25020000E+07
0.25040000E+07
0.25060000E+07
0.25080000E+07
0.25100000E+07
0.25120000E+07
0.25140000E+07
0.25160000E+07
0.25180000E+07
0.25200000E+07
0.25220000E+07
0.25240000E+07
0.25260000E+07
0.25280000E+07
0.25300000E+07
0.25320000E+07
0.25340000E+07
0.25360000E+07
0.25380000E+07
0.25400000E+07
0.25420000E+07
0.25440000E+07
0.25460000E+07
0.25480000E+07
0.25500000E+07
0.25520000E+07
0.25540000E+07
0.25560000E+07
0.25580000E+07
0.25600000E+07
0.25620000E+07
0.25640000E+07
0.25660000E+07
0.25680000E+07
0.25700000E+07
0.25720000E+07
0.25740000E+07
0.25760000E+07
0.25780000E+07
0.25800000E+07
0.25820000E+07
0.25840000E+07
0.25860000E+07
0.25880000E+07
0.25900000E+07
0.25920000E+07
0.25940000E+07
0.25960000E+07
0.25980000E+07
0.26000000E+07
0.26020000E+07
0.26040000E+07
0.26060000E+07
0.26080000E+07
0.26100000E+07
0.26120000E+07
0.26140000E+07
0.26160000E+07
0.26180000E+07
0.26200000E+07
0.26220000E+07
0.26240000E+07
0.26260000E+07
0.26280000E+07
0.26300000E+07
0.26320000E+07
0.26340000E+07
0.26360000E+07
0.26380000E+07
0.26400000E+07
0.26420000E+07
0.26440000E+07
0.26460000E+07
0.26480000E+07
0.26500000E+07
0.26520000E+07
0.26540000E+07
0.26560000E+07
0.26580000E+07
0.26600000E+07
0.26620000E+07
0.26640000E+07
0.26660000E+07
0.26680000E+07
0.26700000E+07
0.26720000E+07
0.26740000E+07
0.26760000E+07
0.26780000E+07
0.26800000E+07
0.26820000E+07
0.26840000E+07
0.26860000E+07
0.26880000E+07
0.26900000E+07
0.26920000E+07
0.26940000E+07
0.26960000E+07
0.26980000E+07
0.27000000E+07
0.27020000E+07
0.27040000E+07
0.27060000E+07
0.27080000E+07
0.27100000E+07
0.27120000E+07
0.27140000E+07
0.27160000E+07
0.27180000E+07
0.27200000E+07
0.27220000E+07
0.27240000E+07
0.27260000E+07
0.27280000E+07
0.27300000E+07
0.27320000E+07
0.27340000E+07
0.27360000E+07
0.27380000E+07
0.27400000E+07
0.27420000E+07
0.27440000E+07
0.27460000E+07
0.27480000E+07
0.27500000E+07
0.27520000E+07
0.27540000E+07
0.27560000E+07
0.27580000E+07
0.27600000E+07
0.27620000E+07
0.27640000E+07
0.27660000E+07
0.27680000E+07
0.27700000E+07
0.27720000E+07
0.27740000E+07
0.27760000E+07
0.27780000E+07
0.27800000E+07
0.27820000E+07
0.27840000E+07
0.27860000E+07
0.27880000E+07
0.27900000E+07
0.27920000E+07
0.27940000E+07
0.27960000E+07
0.27980000E+07
0.28000000E+07
0.28020000E+07
0.28040000E+07
0.28060000E+07
0.28080000E+07
0.28100000E+07
0.28120000E+07
0.28140000E+07
0.28160000E+07
0.28180000E+07
0.28200000E+07
0.28220000E+07
0.28240000E+07
0.28260000E+07
0.28280000E+07
0.28300000E+07
0.28320000E+07
0.28340000E+07
0.28360000E+07
0.28380000E+07
0.28400000E+07
0.28420000E+07
0.28440000E+07
0.28460000E+07
0.28480000E+07
0.28500000E+07
0.28520000E+07
0.28540000E+07
0.28560000E+07
0.28580000E+07
0.28600000E+07
0.28620000E+07
0.28640000E+07
0.28660000E+07
0.28680000E+07
0.28700000E+07
0.28720000E+07
0.28740000E+07
0.28760000E+07
0.28780000E+07
0.28800000E+07
0.28820000E+07
0.28840000E+07
0.28860000E+07
0.28880000E+07
0.28900000E+07
0.28920000E+07
0.28940000E+07
0.28960000E+07
0.28980000E+07
0.29000000E+07
0.29020000E+07
0.29040000E+07
0.29060000E+07
0.29080000E+07
0.29100000E+07
0.29120000E+07
0.29140000E+07
0.29160000E+07
0.29180000E+07
0.29200000E+07
0.29220000E+07
0.29240000E+07
0.29260000E+07
0.29280000E+07
0.29300000E+07
0.29320000E+07
0.29340000E+07
0.29360000E+07
0.29380000E+07
0.29400000E+07
0.29420000E+07
0.29440000E+07
0.29460000E+07
0.29480000E+07
0.29500000E+07
0.29520000E+07
0.29540000E+07
0.29560000E+07
0.29580000E+07
0.29600000E+07
0.29620000E+07
0.29640000E+07
0.29660000E+07
0.29680000E+07
0.29700000E+07
0.29720000E+07
0.29740000E+07
0.29760000E+07
0.29780000E+07
0.29800000E+07
0.29820000E+07
0.29840000E+07
0.29860000E+07
0.29880000E+07
0.29900000E+07
0.29920000E+07
0.29940000E+07
0.29960000E+07
0.29980000E+07
0.30000000E+07
0.30020000E+07
0.30040000E+07
0.30060000E+07
0.30080000E+07
0.30100000E+07
0.30120000E+07
0.30140000E+07
0.30160000E+07
0.30180000E+07
0.30200000E+07
0.30220000E+07
0.30240000E+07
0.30260000E+07
0.30280000E+07
0.30300000E+07
0.30320000E+07
0.30340000E+07
0.30360000E+07
0.30380000E+07
0.30400000E+07
0.30420000E+07
0.30440000E+07
0.30460000E+07
0.30480000E+07
0.30500000E+07
0.30520000E+07
0.30540000E+07
0.30560000E+07
0.30580000E+07
0.30600000E+07
0.30620000E+07
0.30640000E+07
0.30660000E+07
0.30680000E+07
0.30700000E+07
0.30720000E+07
0.30740000E+07
0.30760000E+07
0.30780000E+07
0.30800000E+07
0.30820000E+07
0.30840000E+07
0.30860000E+07
0.30880000E+07
0.30900000E+07
0.30920000E+07
0.30940000E+07
0.30960000E+07
0.30980000E+07
0.31000000E+07
0.31020000E+07
0.31040000E+07
0.31060000E+07
0.31080000E+07
0.31100000E+07
0.31120000E+07
0.31140000E+07
0.31160000E+07
0.31180000E+07
0.31200000E+07
0.31220000E+07
0.31240000E+07
0.31260000E+07
0.31280000E+07
0.31300000E+07
0.31320000E+07
0.31340000E+07
0.31360000E+07
0.31380000E+07
0.31400000E+07
0.31420000E+07
0.31440000E+07
0.31460000E+07
0.31480000E+07
0.31500000E+07
0.31520000E+07
0.31540000E+07
0.31560000E+07
0.31580000E+07
0.31600000E+07
0.31620000E+07
0.31640000E+07
0.31660000E+07
0.31680000E+07
0.31700000E+07
0.31720000E+07
0.31740000E+07
0.31760000E+07
0.31780000E+07
0.31800000E+07
0.31820000E+07
0.31840000E+07
0.31860000E+07
0.31880000E+07
0.31900000E+07
0.31920000E+07
0.31940000E+07
0.31960000E+07
0.31980000E+07
0.32000000E+07
0.32020000E+07
0.32040000E+07
0.32060000E+07
0.32080000E+07
0.32100000E+07
0.32120000E+07
0.32140000E+07
0.32160000E+07
0.32180000E+07
0.32200000E+07
0.32220000E+07
0.32240000E+07
0.32260000E+07
0.32280000E+07
0.32300000E+07
0.32320000E+07
0.32340000E+07
0.32360000E+07
0.32380000E+07
0.32400000E+07
0.32420000E+07
0.32440000E+07
0.32460000E+07
0.32480000E+07
0.32500000E+07
0.32520000E+07
0.32540000E+07
0.32560000E+07
0.32580000E+07
0.32600000E+07
0.32620000E+07
0.32640000E+07
0.32660000E+07
0.32680000E+07
0.32700000E+07
0.32720000E+07
0.32740000E+07
0.32760000E+07
0.32780000E+07
0.32800000E+07
0.32820000E+07
0.32840000E+07
0.32860000E+07
0.32880000E+07
0.32900000E+07
0.32920000E+07
0.32940000E+07
0.32960000E+07
0.32980000E+07
0.33000000E+07
0.33020000E+07
0.33040000E+07
0.33060000E+07
0.33080000E+07
0.33100000E+07
0.33120000E+07
0.33140000E+07
0.33160000E+07
0.33180000E+07
0.33200000E+07
0.33220000E+07
0.33240000E+07
0.33260000E+07
0.33280000E+07
0.33300000E+07
0.33320000E+07
0.33340000E+07
0.33360000E+07
0.33380000E+07
0.33400000E+07
0.33420000E+07
0.33440000E+07
0.33460000E+07
0.33480000E+07
0.33500000E+07
0.33520000E+07
0.33540000E+07
0.33560000E+07
0.33580000E+07
0.33600000E+07
0.33620000E+07
0.33640000E+07
0.33660000E+07
0.33680000E+07
0.33700000E+07
0.33720000E+07
0.33740000E+07
0.33760000E+07
0.33780000E+07
0.33800000E+07
0.33820000E+07
0.33840000E+07
0.33860000E+07
0.33880000E+07
0.33900000E+07
0.33920000E+07
0.33940000E+07
0.33960000E+07
0.33980000E+07
0.34000000E+07
0.34020000E+07
0.34040000E+07
0.34060000E+07
0.34080000E+07
0.34100000E+07
0.34120000E+07
0.34140000E+07
0.34160000E+07
0.34180000E+07
0.34200000E+07
0.34220000E+07
0.34240000E+07
0.34260000E+07
0.34280000E+07
0.34300000E+07
0.34320000E+07
0.34340000E+07
0.34360000E+07
0.34380000E+07
0.34400000E+07
0.34420000E+07
0.34440000E+07
0.34460000E+07
0.34480000E+07
0.34500000E+07
0.34520000E+07
0.34540000E+07
0.34560000E+07
0.34580000E+07
0.34600000E+07
0.34620000E+07
0.34640000E+07
0.34660000E+07
0.34680000E+07
0.34700000E+07
0.34720000E+07
0.34740000E+07
0.34760000E+07
0.34780000E+07
0.34800000E+07
0.34820000E+07
0.34840000E+07
0.34860000E+07
0.34880000E+07
0.34900000E+07
0.34920000E+07
0.34940000E+07
0.34960000E+07
0.34980000E+07
0.35000000E+07
0.35020000E+07
0.35040000E+07
0.35060000E+07
0.35080000E+07
0.35100000E+07
0.35120000E+07
0.35140000E+07
0.35160000E+07
0.35180000E+07
0.35200000E+07
0.35220000E+07
0.35240000E+07
0.35260000E+07
0.35280000E+07
0.35300000E+07
0.35320000E+07
0.35340000E+07
0.35360000E+07
0.35380000E+07
0.35400000E+07
0.35420000E+07
0.35440000E+07
0.35460000E+07
0.35480000E+07
0.35500000E+07
0.35520000E+07
0.35540000E+07
0.35560000E+07
0.35580000E+07
0.35600000E+07
0.35620000E+07
0.35640000E+07
0.35660000E+07
0.35680000E+07
0.35700000E+07
0.35720000E+07
0.35740000E+07
0.35760000E+07
0.35780000E+07
0.35800000E+07
0.35820000E+07
0.35840000E+07
0.35860000E+07
0.35880000E+07
0.35900000E+07
0.35920000E+07
0.35940000E+07
0.35960000E+07
0.35980000E+07
0.36000000E+07
0.36020000E+07
0.36040000E+07
0.36060000E+07
0.36080000E+07
0.36100000E+07
0.36120000E+07
0.36140000E+07
0.36160000E+07
0.36180000E+07
0.36200000E+07
0.36220000E+07
0.36240000E+07
0.36260000E+07
0.36280000E+07
0.36300000E+07
0.36320000E+07
0.36340000E+07
0.36360000E+07
0.36380000E+07
0.36400000E+07
0.36420000E+07
0.36440000E+07
0.36460000E+07
0.36480000E+07
0.36500000E+07
0.36520000E+07
0.36540000E+07
0.36560000E+07
0.36580000E+07
0.36600000E+07
0.36620000E+07
0.36640000E+07
0.36660000E+07
0.36680000E+07
0.36700000E+07
0.36720000E+07
0.36740000E+07
0.36760000E+07
0.36780000E+07
0.36800000E+07
0.36820000E+07
0.36840000E+07
0.36860000E+07
0.36880000E+07
0.36900000E+07
0.36920000E+07
0.36940000E+07
0.36960000E+07
0.36980000E+07
0.37000000E+07
0.37020000E+07
0.37040000E+07
0.37060000E+07
0.37080000E+07
0.37100000E+07
0.37120000E+07
0.37140000E+07
0.37160000E+07
0.37180000E+07
0.37200000E+07
0.37220000E+07
0.37240000E+07
0.37260000E+07
0.37280000E+07
0.37300000E+07
0.37320000E+07
0.37340000E+07
0.37360000E+07
0.37380000E+07
0.37400000E+07
0.37420000E+07
0.37440000E+07
0.37460000E+07
0.37480000E+07
0.37500000E+07
0.37520000E+07
0.37540000E+07
0.37560000E+07
0.37580000E+07
0.37600000E+07
0.37620000E+07
0.37640000E+07
0.37660000E+07
0.37680000E+07
0.37700000E+07
0.37720000E+07
0.37740000E+07
0.37760000E+07
0.37780000E+07
0.37800000E+07
0.37820000E+07
0.37840000E+07
0.37860000E+07
0.37880000E+07
0.37900000E+07
0.37920000E+07
0.37940000E+07
0.37960000E+07
0.37980000E+07
0.38000000E+07
0.38020000E+07
0.38040000E+07
0.38060000E+07
0.38080000E+07
0.38100000E+07
0.38120000E+07
0.38140000E+07
0.38160000E+07
0.38180000E+07
0.38200000E+07
0.38220000E+07
0.38240000E+07
0.38260000E+07
0.38280000E+07
0.38300000E+07
0.38320000E+07
0.38340000E+07
0.38360000E+07
0.38380000E+07
0.38400000E+07
0.38420000E+07
0.38440000E+07
0.38460000E+07
0.38480000E+07
0.38500000E+07
0.38520000E+07
0.38540000E+07
0.38560000E+07
0.38580000E+07
0.38600000E+07
0.38620000E+07
0.38640000E+07
0.38660000E+07
0.38680000E+07
0.38700000E+07
0.38720000E+07
0.38740000E+07
0.38760000E+07
0.38780000E+07
0.38800000E+07
0.38820000E+07
0.38840000E+07
0.38860000E+07
0.38880000E+07
0.38900000E+07
0.38920000E+07
0.38940000E+07
0.38960000E+07
0.38980000E+07
0.39000000E+07
0.39020000E+07
0.39040000E+07
0.39060000E+07
0.39080000E+07
0.39100000E+07
0.39120000E+07
0.39140000E+07
0.39160000E+07
0.39180000E+07
0.39200000E+07
0.39220000E+07
0.39240000E+07
0.39260000E+07
0.39280000E+07
0.39300000E+07
0.39320000E+07
0.39340000E+07
0.39360000E+07
0.39380000E+07
0.39400000E+07
0.39420000E+07
0.39440000E+07
0.39460000E+07
0.39480000E+07
0.39500000E+07
0.39520000E+07
0.39540000E+07
0.39560000E+07
0.39580000E+07
0.39600000E+07
0.39620000E+07
0.39640000E+07
0.39660000E+07
0.39680000E+07
0.39700000E+07
0.39720000E+07
0.39740000E+07
0.39760000E+07
0.39780000E+07
0.39800000E+07
0.39820000E+07
0.39840000E+07
0.39860000E+07
0.39880000E+07
0.39900000E+07
0.39920000E+07
0.39940000E+07
0.39960000E+07
0.39980000E+07
0.40000000E+07
