 # E =   -31.000000000000000     
  -6.9649999999999999        0.0000000000000000     
  -6.9299999999999997       7.01162853856566475E-008
  -6.8949999999999996       1.40932022614012418E-007
  -6.8600000000000003       2.13153639970486853E-007
  -6.8250000000000002       2.87501590172767825E-007
  -6.7900000000000000       3.64717537298119928E-007
  -6.7549999999999999       4.45571755304116909E-007
  -6.7199999999999998       5.30870811946887086E-007
  -6.6849999999999996       6.21465614747865603E-007
  -6.6500000000000004       7.18259899271569965E-007
  -6.6150000000000002       8.22219244389077144E-007
  -6.5800000000000001       9.34380704458692474E-007
  -6.5449999999999999       1.05586315450919310E-006
  -6.5099999999999998       1.18787845162338487E-006
  -6.4749999999999996       1.33174352386147031E-006
  -6.4399999999999995       1.48889350731609883E-006
  -6.4050000000000002       1.66089606234623357E-006
  -6.3700000000000001       1.84946701179941372E-006
  -6.3350000000000000       2.05648745721892906E-006
  -6.2999999999999998       2.28402254377537714E-006
  -6.2649999999999997       2.53434206110808864E-006
  -6.2300000000000004       2.80994308557500270E-006
  -6.1950000000000003       3.11357488977239579E-006
  -6.1600000000000001       3.44826636780149746E-006
  -6.1250000000000000       3.81735624985300377E-006
  -6.0899999999999999       4.22452640750307630E-006
  -6.0549999999999997       4.67383858194306544E-006
  -6.0199999999999996       5.16977490150732482E-006
  -5.9850000000000003       5.71728259265956745E-006
  -5.9500000000000002       6.32182333042512235E-006
  -5.9150000000000000       6.98942772053127528E-006
  -5.8799999999999999       7.72675545670195109E-006
  -5.8449999999999998       8.54116175315671308E-006
  -5.8100000000000005       9.44077071495169547E-006
  -5.7750000000000004       1.04345563779955895E-005
  -5.7400000000000002       1.15324322270670469E-005
  -5.7050000000000001       1.27453500847131947E-005
  -5.6699999999999999       1.40854093573653150E-005
  -5.6349999999999998       1.55659777282984404E-005
  -5.5999999999999996       1.72018245012160942E-005
  -5.5649999999999995       1.90092679243972139E-005
  -5.5300000000000002       2.10063379647564259E-005
  -5.4950000000000001       2.32129561552302522E-005
  -5.4600000000000000       2.56511343091452761E-005
  -5.4249999999999998       2.83451940833454818E-005
  -5.3899999999999997       3.13220095797283978E-005
  -5.3550000000000004       3.46112754045332355E-005
  -5.3200000000000003       3.82458028585258065E-005
  -5.2850000000000001       4.22618472116609138E-005
  -5.2500000000000000       4.66994693256641825E-005
  -5.2149999999999999       5.16029352303449138E-005
  -5.1799999999999997       5.70211576377356642E-005
  -5.1449999999999996       6.30081837961144267E-005
  -5.1100000000000003       6.96237345477576419E-005
  -5.0750000000000002       7.69337999644862313E-005
  -5.0400000000000000       8.50112974987723107E-005
  -5.0049999999999999       9.39367992109698546E-005
  -4.9700000000000006       1.03799335321301935E-004
  -4.9350000000000005       1.14697282095408939E-004
  -4.9000000000000004       1.26739342912076346E-004
  -4.8650000000000002       1.40045632289543848E-004
  -4.8300000000000001       1.54748873671743285E-004
  -4.7949999999999999       1.70995722908069003E-004
  -4.7599999999999998       1.88948230611058631E-004
  -4.7249999999999996       2.08785457958019069E-004
  -4.6899999999999995       2.30705262028827775E-004
  -4.6549999999999994       2.54926268457936049E-004
  -4.6200000000000001       2.81690051040627313E-004
  -4.5850000000000000       3.11263539990182280E-004
  -4.5499999999999998       3.43941682814015242E-004
  -4.5150000000000006       3.80050384285391860E-004
  -4.4800000000000004       4.19949754757643727E-004
  -4.4450000000000003       4.64037699127004542E-004
  -4.4100000000000001       5.12753882128239502E-004
  -4.3750000000000000       5.66584109377113346E-004
  -4.3399999999999999       6.26065167691799984E-004
  -4.3049999999999997       6.91790172771626719E-004
  -4.2699999999999996       7.64414477330187031E-004
  -4.2349999999999994       8.44662198319409002E-004
  -4.2000000000000002       9.33333427995101115E-004
  -4.1650000000000000       1.03131220032162121E-003
  -4.1299999999999999       1.13957529165832541E-003
  -4.0950000000000006       1.25920194288446142E-003
  -4.0600000000000005       1.39138459918030722E-003
  -4.0250000000000004       1.53744077367643861E-003
  -3.9900000000000002       1.69882615220419354E-003
  -3.9550000000000001       1.87714906853199155E-003
  -3.9199999999999999       2.07418649286733679E-003
  -3.8849999999999998       2.29190169116706135E-003
  -3.8500000000000001       2.53246372906424993E-003
  -3.8149999999999999       2.79826901213757083E-003
  -3.7799999999999998       3.09196507397923540E-003
  -3.7450000000000001       3.41647684523798626E-003
  -3.7100000000000000       3.77503566071551999E-003
  -3.6749999999999998       4.17121128788745972E-003
  -3.6400000000000001       4.60894728913016031E-003
  -3.6050000000000000       5.09260006170779520E-003
  -3.5699999999999998       5.62698193447578460E-003
  -3.5350000000000001       6.21740873857278345E-003
  -3.5000000000000000       6.86975231141177985E-003
  -3.4649999999999999       7.59049843937087063E-003
  -3.4300000000000002       8.38681079507783839E-003
  -3.3950000000000000       9.26660148045350615E-003
  -3.3599999999999999       1.02386088471223425E-002
  -3.3250000000000002       1.13124833318302420E-002
  -3.2900000000000000       1.24988821165621725E-002
  -3.2549999999999999       1.38095735015746329E-002
  -3.2200000000000002       1.52575519650079965E-002
  -3.1850000000000001       1.68571649755844717E-002
  -3.1499999999999999       1.86242527255872196E-002
  -3.1150000000000002       2.05763020602991939E-002
  -3.0800000000000001       2.27326159977723069E-002
  -3.0449999999999999       2.51145003595689247E-002
  -3.0099999999999998       2.77454691692713244E-002
  -2.9749999999999996       3.06514706212992968E-002
  -2.9400000000000004       3.38611355779919881E-002
  -2.9050000000000002       3.74060507179089924E-002
  -2.8700000000000001       4.13210586325793647E-002
  -2.8350000000000000       4.56445873518874778E-002
  -2.7999999999999998       5.04190119689885349E-002
  -2.7649999999999997       5.56910512327088783E-002
  -2.7300000000000004       6.15122021768735039E-002
  -2.6950000000000003       6.79392160593076527E-002
  -2.6600000000000001       7.50346190849519867E-002
  -2.6250000000000000       8.28672815831857368E-002
  -2.5899999999999999       9.15130394934449976E-002
  -2.5549999999999997       0.10105537217849538     
  -2.5199999999999996       0.11158614072250556     
  -2.4850000000000003       0.12320639097059481     
  -2.4500000000000002       0.13602722561465572     
  -2.4150000000000000       0.15017074961109639     
  -2.3799999999999999       0.16577109311064286     
  -2.3449999999999998       0.18297551586579011     
  -2.3099999999999996       0.20194559673106263     
  -2.2750000000000004       0.22285851135348356     
  -2.2400000000000002       0.24590840042896658     
  -2.2050000000000001       0.27130782993255731     
  -2.1699999999999999       0.29928934346838815     
  -2.1349999999999998       0.33010710527445408     
  -2.0999999999999996       0.36403863039711204     
  -2.0650000000000004       0.40138659605368776     
  -2.0300000000000002       0.44248072515636228     
  -1.9950000000000001       0.48767972929984527     
  -1.9600000000000000       0.53737329413992463     
  -1.9249999999999998       0.59198408493066901     
  -1.8899999999999997       0.65196974396969565     
  -1.8550000000000004       0.71782484475744268     
  -1.8200000000000003       0.79008275975757347     
  -1.7850000000000001       0.86931738972552663     
  -1.7500000000000000       0.95614469265958280     
  -1.7149999999999999        1.0512239395796059     
  -1.6799999999999997        1.1552586126704618     
  -1.6449999999999996        1.2689968490355539     
  -1.6100000000000003        1.3932313206818143     
  -1.5750000000000002        1.5287984288048531     
  -1.5400000000000000        1.6765766784957239     
  -1.5049999999999999        1.8374840893267079     
  -1.4699999999999998        2.0124744887229991     
  -1.4349999999999996        2.2025325295737028     
  -1.4000000000000004        2.4086672723047418     
  -1.3650000000000002        2.6319041758697557     
  -1.3300000000000001        2.8732753531259352     
  -1.2949999999999999        3.1338079651682644     
  -1.2599999999999998        3.4145106576325377     
  -1.2249999999999996        3.7163579807841862     
  -1.1900000000000004        4.0402727850998694     
  -1.1550000000000002        4.3871066452660825     
  -1.1200000000000001        4.7576184376931732     
  -1.0850000000000000        5.1524512786558141     
  -1.0499999999999998        5.5721081200527474     
  -1.0149999999999997        6.0169263946543978     
 -0.98000000000000043        6.4870521988087901     
 -0.94500000000000028        6.9824145933383246     
 -0.91000000000000014        7.5027006876050422     
 -0.87500000000000000        8.0473322419374309     
 -0.83999999999999986        8.6154445743038650     
 -0.80499999999999972        9.2058685832195621     
 -0.76999999999999957        9.8171166961714817     
 -0.73500000000000032        10.447373518380241     
 -0.70000000000000018        11.094491889119377     
 -0.66500000000000004        11.755994952521505     
 -0.62999999999999989        12.429084719152709     
 -0.59499999999999975        13.110657437784653     
 -0.55999999999999961        13.797325919481697     
 -0.52500000000000036        14.485448765318242     
 -0.49000000000000021        15.171166252487422     
 -0.45500000000000007        15.850442439252319     
 -0.41999999999999993        16.519112864872078     
 -0.38499999999999979        17.172937053347489     
 -0.34999999999999964        17.807654885538348     
 -0.31500000000000039        18.419045787543304     
 -0.28000000000000025        19.002989597380669     
 -0.24500000000000011        19.555527918681030     
 -0.20999999999999996        20.072924749652000     
 -0.17499999999999982        20.551725187169971     
 -0.13999999999999968        20.988811047708150     
 -0.10500000000000043        21.381452316435684     
 -7.00000000000002842E-002   21.727353430271229     
 -3.50000000000001421E-002   22.024693516752318     
   0.0000000000000000        22.272159845020283     
  3.50000000000001421E-002   22.468973894791290     
  7.00000000000002842E-002   22.614909610760588     
  0.10500000000000043        22.710303580454887     
  0.13999999999999968        22.756057050169833     
  0.17499999999999982        22.753629873384149     
  0.20999999999999996        22.705026665941979     
  0.24500000000000011        22.612775619209529     
  0.28000000000000025        22.479900593004544     
  0.31500000000000039        22.309887270795201     
  0.34999999999999964        22.106644306676966     
  0.38499999999999979        21.874460523022769     
  0.41999999999999993        21.617959325509837     
  0.45500000000000007        21.342051584678085     
  0.49000000000000021        21.051888286912281     
  0.52500000000000036        20.752814280099916     
  0.55999999999999961        20.450324428517142     
  0.59499999999999975        20.150023447302694     
  0.62999999999999989        19.857590610223088     
  0.66500000000000004        19.578750417932667     
  0.70000000000000018        19.319250181819267     
  0.73500000000000032        19.084845326529265     
  0.76999999999999957        18.881293049364615     
  0.80499999999999972        18.714354804804294     
  0.83999999999999986        18.589807915710491     
  0.87500000000000000        18.513466457528533     
  0.91000000000000014        18.491211425558891     
  0.94500000000000028        18.529030084663464     
  0.98000000000000043        18.633064320601584     
   1.0150000000000006        18.809667765904521     
   1.0500000000000007        19.065471462327803     
   1.0850000000000009        19.407457846273971     
   1.1199999999999992        19.843042901429722     
   1.1549999999999994        20.380166411263975     
   1.1899999999999995        21.027390359195092     
   1.2249999999999996        21.794005661921378     
   1.2599999999999998        22.690147577329530     
   1.2949999999999999        23.726920298549512     
   1.3300000000000001        24.916531426670552     
   1.3650000000000002        26.272437203685232     
   1.4000000000000004        27.809499582567391     
   1.4350000000000005        29.544156412100349     
   1.4700000000000006        31.494606220124666     
   1.5050000000000008        33.681009291057514     
   1.5399999999999991        36.125706953363014     
   1.5749999999999993        38.853461222259384     
   1.6099999999999994        41.891717184986575     
   1.6449999999999996        45.270890773502643     
   1.6799999999999997        49.024684845949707     
   1.7149999999999999        53.190436797342905     
   1.7500000000000000        57.809501245653038     
   1.7850000000000001        62.927671695981005     
   1.8200000000000003        68.595645477306732     
   1.8550000000000004        74.869536678049627     
   1.8900000000000006        81.811442283410784     
   1.9250000000000007        89.490067244534657     
   1.9600000000000009        97.981414792685172     
   1.9949999999999992        107.36954895709991     
   2.0299999999999994        117.74743695972406     
   2.0649999999999995        129.21787995100755     
   2.0999999999999996        141.89454142644786     
   2.1349999999999998        155.90308363244245     
   2.1699999999999999        171.38242334203233     
   2.2050000000000001        188.48611956702371     
   2.2400000000000002        207.38390708462492     
   2.2750000000000004        228.26339110722822     
   2.3100000000000005        251.33192002776485     
   2.3450000000000006        276.81865494615147     
   2.3800000000000008        304.97685664239356     
   2.4149999999999991        336.08641282844468     
   2.4499999999999993        370.45663090552364     
   2.4849999999999994        408.42932410012452     
   2.5199999999999996        450.38222177679245     
   2.5549999999999997        496.73273795802658     
   2.5899999999999999        547.94213565363543     
   2.6250000000000000        604.52012854911470     
   2.6600000000000001        667.02996596449827     
   2.6950000000000003        736.09405181514467     
   2.7300000000000004        812.40015363212967     
   2.7650000000000006        896.70826358543127     
   2.8000000000000007        989.85817995662524     
   2.8350000000000009        1092.7778846942099     
   2.8699999999999992        1206.4928006256357     
   2.9049999999999994        1332.1360206748300     
   2.9399999999999995        1470.9596111300039     
   2.9749999999999996        1624.3471017205325     
   3.0099999999999998        1793.8272871005649     
   3.0449999999999999        1981.0894774188675     
   3.0800000000000001        2188.0003501096971     
   3.1150000000000002        2416.6225710124709     
   3.1500000000000004        2669.2353705779424     
   3.1850000000000005        2948.3572804216192     
   3.2200000000000006        3256.7712570357767     
   3.2550000000000008        3597.5524432846432     
   3.2899999999999991        3974.0988446206875     
   3.3249999999999993        4390.1652260359260     
   3.3599999999999994        4849.9005678908234     
   3.3949999999999996        5357.8894542652133     
   3.4299999999999997        5919.1978067048285     
   3.4649999999999999        6539.4234195848612     
   3.5000000000000000        7224.7518012108985     
   3.5350000000000001        7982.0178777053934     
   3.5700000000000003        8818.7741752125312     
   3.6050000000000004        9743.3661605793604     
   3.6400000000000006        10765.015492081066     
   3.6750000000000007        11893.912010665546     
   3.7100000000000009        13141.315389384306     
   3.7449999999999992        14519.667455022713     
   3.7799999999999994        16042.716302404133     
   3.8149999999999995        17725.653439481328     
   3.8499999999999996        19585.265331318213     
   3.8849999999999998        21640.100854702498     
   3.9199999999999999        23910.656333847644     
   3.9550000000000001        26419.580003024221     
   3.9900000000000002        29191.897935755842     
   4.0250000000000004        32255.263694356461     
   4.0600000000000005        35640.234190210118     
   4.0950000000000006        39380.574506661884     
   4.1300000000000008        43513.594725307768     
   4.1649999999999991        48080.522115724118     
   4.1999999999999993        53126.912401448164     
   4.2349999999999994        58703.104204829950     
   4.2699999999999996        64864.721204110538     
   4.3049999999999997        71673.227012038929     
   4.3399999999999999        79196.538311268509     
   4.3750000000000000        87509.702362919517     
   4.4100000000000001        96695.645646854115     
   4.4450000000000003        106846.00110179163     
   4.4800000000000004        118062.02221747082     
   4.5150000000000006        130455.59309746668     
   4.5500000000000007        144150.34456863281     
   4.5850000000000009        159282.88747101781     
   4.6199999999999992        176004.17543104896     
   4.6549999999999994        194481.01071244720     
   4.6899999999999995        214897.70816662311     
   4.7249999999999996        237457.93388143816     
   4.7599999999999998        262386.73686993500     
   4.7949999999999999        289932.79406632762     
   4.8300000000000001        320370.89102440781     
   4.8650000000000002        354004.66306479450     
   4.9000000000000004        391169.62421558332     
   4.9350000000000005        432236.51416186232     
   4.9700000000000006        477614.99659188493     
   5.0050000000000008        527757.74583308026     
   5.0399999999999991        583164.96254450025     
   5.0749999999999993        644389.36351239367     
   5.1099999999999994        712041.69532505528     
   5.1449999999999996        786796.82692910125     
   5.1799999999999997        869400.48184400622     
   5.2149999999999999        960676.67719270487     
   5.2500000000000000        1061535.9437569664     
   5.2850000000000001        1172984.4090574323     
   5.3200000000000003        1296133.8340673889     
   5.3550000000000004        1432212.7036823987     
   5.3900000000000006        1582578.4815797568     
   5.4250000000000007        1748731.1517172060     
   5.4600000000000009        1932328.1815553324     
   5.4949999999999992        2135201.0562705910     
   5.5299999999999994        2359373.5488974694     
   5.5649999999999995        2607081.9086552109     
   5.5999999999999996        2880797.1688495385     
   5.6349999999999998        3183249.7968838331     
   5.6699999999999999        3517456.9322781307     
   5.7050000000000001        3886752.4844112154     
   5.7400000000000002        4294820.3902285006     
   5.7750000000000004        4745731.3636809075     
   5.8100000000000005        5243983.5034920275     
   5.8450000000000006        5794547.1643399466     
   5.8800000000000008        6402914.5390701806     
   5.9149999999999991        7075154.4465514831     
   5.9499999999999993        7817972.8717156313     
   5.9849999999999994        8638779.8617037274     
   6.0199999999999996        9545763.4454474412     
   6.0549999999999997        10547971.314076539     
   6.0899999999999999        11655401.076962823     
   6.1250000000000000        12879099.993757667     
   6.1600000000000001        14231275.177308910     
   6.1950000000000003        15725415.366796069     
   6.2300000000000004        17376425.485842586     
   6.2650000000000006        19200775.327901457     
   6.3000000000000007        21216663.852138519     
   6.3350000000000009        23444200.728761487     
   6.3699999999999992        25905606.944816291     
   6.4049999999999994        28625436.471611615     
   6.4399999999999995        31630821.205034643     
   6.4749999999999996        34951741.622181848     
   6.5099999999999998        38621325.854264051     
   6.5449999999999999        42676180.159213960     
   6.5800000000000001        47156754.090655029     
   6.6150000000000002        52107744.006007001     
   6.6500000000000004        57578538.938958995     
   6.6850000000000005        63623713.284150526     
   6.7200000000000006        70303571.208880141     
   6.7550000000000008        77684748.222668871     
   6.7899999999999991        85840875.905689061     
   6.8249999999999993        94853316.427115828     
   6.8599999999999994        104811974.18065408     
   6.8949999999999996        115816192.63378328     
   6.9299999999999997        127975745.33731894     
   6.9649999999999999        141411930.98119465     
   7.0000000000000000        156258783.42029053     


 # E =   -30.000000000000000     
  -6.9649999999999999        0.0000000000000000     
  -6.9299999999999997       7.01125342429273065E-008
  -6.8949999999999996       1.40901903024617602E-007
  -6.8600000000000003       2.13051473820045513E-007
  -6.8250000000000002       2.87257744815384688E-007
  -6.7900000000000000       3.64237068567174628E-007
  -6.7549999999999999       4.44732567324074363E-007
  -6.7199999999999998       5.29521306768029303E-007
  -6.6849999999999996       6.19421797426240880E-007
  -6.6500000000000004       7.15301896168390734E-007
  -6.6150000000000002       8.18087184065666909E-007
  -6.5800000000000001       9.28769901486542060E-007
  -6.5449999999999999       1.04841852668335131E-006
  -6.5099999999999998       1.17818809033542886E-006
  -6.4749999999999996       1.31933132561884443E-006
  -6.4399999999999995       1.47321076143820223E-006
  -6.4050000000000002       1.64131187556037968E-006
  -6.3700000000000001       1.82525743462135360E-006
  -6.3350000000000000       2.02682315943415315E-006
  -6.2999999999999998       2.24795486681905405E-006
  -6.2649999999999997       2.49078725342986855E-006
  -6.2300000000000004       2.75766450290014833E-006
  -6.1950000000000003       3.05116291523326096E-006
  -6.1600000000000001       3.37411577688050352E-006
  -6.1250000000000000       3.72964071158003654E-006
  -6.0899999999999999       4.12116977597520658E-006
  -6.0549999999999997       4.55248259052484341E-006
  -6.0199999999999996       5.02774282551603277E-006
  -5.9850000000000003       5.55153839437439816E-006
  -5.9500000000000002       6.12892574225055011E-006
  -5.9150000000000000       6.76547865738934699E-006
  -5.8799999999999999       7.46734207644234963E-006
  -5.8449999999999998       8.24129140308449114E-006
  -5.8100000000000005       9.09479791250855836E-006
  -5.7750000000000004       1.00361008731088908E-005
  -5.7400000000000002       1.10742870814953940E-005
  -5.7050000000000001       1.22193785785257748E-005
  -5.6699999999999999       1.34824293929980180E-005
  -5.6349999999999998       1.48756322467678123E-005
  -5.5999999999999996       1.64124362511871910E-005
  -5.5649999999999995       1.81076767308279183E-005
  -5.5300000000000002       1.99777184274786933E-005
  -5.4950000000000001       2.20406134665173845E-005
  -5.4600000000000000       2.43162756102024517E-005
  -5.4249999999999998       2.68266724795745322E-005
  -5.3899999999999997       2.95960376000239576E-005
  -5.3550000000000004       3.26511043168330203E-005
  -5.3200000000000003       3.60213638379855029E-005
  -5.2850000000000001       3.97393498942820932E-005
  -5.2500000000000000       4.38409527635499945E-005
  -5.2149999999999999       4.83657656889598496E-005
  -5.1799999999999997       5.33574670338887396E-005
  -5.1449999999999996       5.88642418604003572E-005
  -5.1100000000000003       6.49392469985673879E-005
  -5.0750000000000002       7.16411240931917641E-005
  -5.0400000000000000       7.90345655770161449E-005
  -5.0049999999999999       8.71909390297085209E-005
  -4.9700000000000006       9.61889759446414073E-005
  -4.9350000000000005       1.06115531546178176E-004
  -4.9000000000000004       1.17066422984777907E-004
  -4.8650000000000002       1.29147353992299587E-004
  -4.8300000000000001       1.42474934912662984E-004
  -4.7949999999999999       1.57177807941481096E-004
  -4.7599999999999998       1.73397888421206062E-004
  -4.7249999999999996       1.91291734155412226E-004
  -4.6899999999999995       2.11032055937746888E-004
  -4.6549999999999994       2.32809383849567420E-004
  -4.6200000000000001       2.56833905378305136E-004
  -4.5850000000000000       2.83337493060412636E-004
  -4.5499999999999998       3.12575941174075898E-004
  -4.5150000000000006       3.44831433014996451E-004
  -4.4800000000000004       3.80415262502520205E-004
  -4.4450000000000003       4.19670836304161798E-004
  -4.4100000000000001       4.62976985357215398E-004
  -4.3750000000000000       5.10751617632026187E-004
  -4.3399999999999999       5.63455747250534485E-004
  -4.3049999999999997       6.21597938676582635E-004
  -4.2699999999999996       6.85739208664932435E-004
  -4.2349999999999994       7.56498433031046113E-004
  -4.2000000000000002       8.34558310124160186E-004
  -4.1650000000000000       9.20671938196739449E-004
  -4.1299999999999999       1.01567006971311352E-003
  -4.0950000000000006       1.12046911208279771E-003
  -4.0600000000000005       1.23607995139870890E-003
  -4.0250000000000004       1.36361768357186504E-003
  -3.9900000000000002       1.50431234585302271E-003
  -3.9550000000000001       1.65952075119552987E-003
  -3.9199999999999999       1.83073953832715592E-003
  -3.8849999999999998       2.01961956185433503E-003
  -3.8500000000000001       2.22798175932106433E-003
  -3.8149999999999999       2.45783464599669222E-003
  -3.7799999999999998       2.71139360339177609E-003
  -3.7450000000000001       2.99110214422933750E-003
  -3.7100000000000000       3.29965535497149867E-003
  -3.6749999999999998       3.64002573717181780E-003
  -3.6400000000000001       4.01549169105723178E-003
  -3.6050000000000000       4.42966890901905306E-003
  -3.5699999999999998       4.88654497330223096E-003
  -3.5350000000000001       5.39051748133244010E-003
  -3.5000000000000000       5.94643605403221559E-003
  -3.4649999999999999       6.55964861738547126E-003
  -3.4300000000000002       7.23605238566381488E-003
  -3.3950000000000000       7.98215001639131748E-003
  -3.3599999999999999       8.80511145257304589E-003
  -3.3250000000000002       9.71284201723406765E-003
  -3.2900000000000000       1.07140573792066460E-002
  -3.2549999999999999       1.18183660676666278E-002
  -3.2200000000000002       1.30363602764604399E-002
  -3.1850000000000001       1.43797157680829960E-002
  -3.1499999999999999       1.58613017615547962E-002
  -3.1150000000000002       1.74953017686747606E-002
  -3.0800000000000001       1.92973464294336830E-002
  -3.0449999999999999       2.12846594899559725E-002
  -3.0099999999999998       2.34762181653252848E-002
  -2.9749999999999996       2.58929292350881246E-002
  -2.9400000000000004       2.85578223310506453E-002
  -2.9050000000000002       3.14962619949745587E-002
  -2.8700000000000001       3.47361802075387138E-002
  -2.8350000000000000       3.83083312188299899E-002
  -2.7999999999999998       4.22465706437346045E-002
  -2.7649999999999997       4.65881609216309209E-002
  -2.7300000000000004       5.13741053770058187E-002
  -2.6950000000000003       5.66495132537558344E-002
  -2.6600000000000001       6.24639982280628600E-002
  -2.6250000000000000       6.88721130291355677E-002
  -2.5899999999999999       7.59338229091206518E-002
  -2.5549999999999997       8.37150207973298144E-002
  -2.5199999999999996       9.22880870424906685E-002
  -2.4850000000000003       0.10173249668134722     
  -2.4500000000000002       0.11213547716212800     
  -2.4150000000000000       0.12359271938458531     
  -2.3799999999999999       0.13620914477949222     
  -2.3449999999999998       0.15009973092192197     
  -2.3099999999999996       0.16539039783348888     
  -2.2750000000000004       0.18221895665471438     
  -2.2400000000000002       0.20073612173172209     
  -2.2050000000000001       0.22110658632939917     
  -2.1699999999999999       0.24351016111949550     
  -2.1349999999999998       0.26814297325592740     
  -2.0999999999999996       0.29521872219545120     
  -2.0650000000000004       0.32496998640037783     
  -2.0300000000000002       0.35764957261806646     
  -1.9950000000000001       0.39353189651398329     
  -1.9600000000000000       0.43291437998459548     
  -1.9249999999999998       0.47611884643802732     
  -1.8899999999999997       0.52349289065336702     
  -1.8550000000000004       0.57541119447141409     
  -1.8200000000000003       0.63227675350194579     
  -1.7850000000000001       0.69452197324713838     
  -1.7500000000000000       0.76260958555801106     
  -1.7149999999999999       0.83703332821913601     
  -1.6799999999999997       0.91831832180387707     
  -1.6449999999999996        1.0070210689267614     
  -1.6100000000000003        1.1037289918839424     
  -1.5750000000000002        1.2090594157466397     
  -1.5400000000000000        1.3236578956841210     
  -1.5049999999999999        1.4481957801782279     
  -1.4699999999999998        1.5833668964992744     
  -1.4349999999999996        1.7298832421027663     
  -1.4000000000000004        1.8884695663369566     
  -1.3650000000000002        2.0598567319587322     
  -1.3300000000000001        2.2447737564153734     
  -1.2949999999999999        2.4439384496241354     
  -1.2599999999999998        2.6580465889478009     
  -1.2249999999999996        2.8877596039283899     
  -1.1900000000000004        3.1336907835373706     
  -1.1550000000000002        3.3963900672832090     
  -1.1200000000000001        3.6763275380524418     
  -1.0850000000000000        3.9738757980316177     
  -1.0499999999999998        4.2892914777935136     
  -1.0149999999999997        4.6226962002763692     
 -0.98000000000000043        4.9740573929219991     
 -0.94500000000000028        5.3431694090748705     
 -0.91000000000000014        5.7296354798680627     
 -0.87500000000000000        6.1328510660266415     
 -0.83999999999999986        6.5519892111822422     
 -0.80499999999999972        6.9859885106935353     
 -0.76999999999999957        7.4335442996102898     
 -0.73500000000000032        7.8931036283340985     
 -0.70000000000000018        8.3628645340130436     
 -0.66500000000000004        8.8407800304748569     
 -0.62999999999999989        9.3245671317250451     
 -0.59499999999999975        9.8117210972600208     
 -0.55999999999999961        10.299534946393484     
 -0.52500000000000036        10.785124139068113     
 -0.49000000000000021        11.265456168335195     
 -0.45500000000000007        11.737384661054904     
 -0.41999999999999993        12.197687444342963     
 -0.38499999999999979        12.643107911183369     
 -0.34999999999999964        13.070398913862126     
 -0.31500000000000039        13.476368331796152     
 -0.28000000000000025        13.857925403117719     
 -0.24500000000000011        14.212126878063243     
 -0.20999999999999996        14.536222046784996     
 -0.17499999999999982        14.827695713727632     
 -0.13999999999999968        15.084308233540364     
 -0.10500000000000043        15.304131787458193     
 -7.00000000000002842E-002   15.485582161676088     
 -3.50000000000001421E-002   15.627445387781210     
   0.0000000000000000        15.728898717079911     
  3.50000000000001421E-002   15.789525522979920     
  7.00000000000002842E-002   15.809323855870185     
  0.10500000000000043        15.788708510677852     
  0.13999999999999968        15.728506606032731     
  0.17499999999999982        15.629946813309758     
  0.20999999999999996        15.494642511283725     
  0.24500000000000011        15.324569275158668     
  0.28000000000000025        15.122037234636284     
  0.31500000000000039        14.889658951632308     
  0.34999999999999964        14.630313571290122     
  0.38499999999999979        14.347108087085404     
  0.41999999999999993        14.043336629140036     
  0.45500000000000007        13.722438731668710     
  0.49000000000000021        13.387957558481737     
  0.52500000000000036        13.043499062999635     
  0.55999999999999961        12.692693030467078     
  0.59499999999999975        12.339156895169943     
  0.62999999999999989        11.986463145795870     
  0.66500000000000004        11.638111030189808     
  0.70000000000000018        11.297503150386568     
  0.73500000000000032        10.967927404763461     
  0.76999999999999957        10.652544592098083     
  0.80499999999999972        10.354381848416764     
  0.83999999999999986        10.076331948107152     
  0.87500000000000000        9.8211583719206672     
  0.91000000000000014        9.5915059316392011     
  0.94500000000000028        9.3899166487700469     
  0.98000000000000043        9.2188505158639789     
   1.0150000000000006        9.0807107257306701     
   1.0500000000000007        8.9778729363400682     
   1.0850000000000009        8.9127181466026428     
   1.1199999999999992        8.8876687884290089     
   1.1549999999999994        8.9052276905160017     
   1.1899999999999995        8.9680196356561925     
   1.2249999999999996        9.0788353122290300     
   1.2599999999999998        9.2406775481495647     
   1.2949999999999999        9.4568098084567680     
   1.3300000000000001        9.7308070329261724     
   1.3650000000000002        10.066608985199890     
   1.4000000000000004        10.468576378211054     
   1.4350000000000005        10.941550131074912     
   1.4700000000000006        11.490914199685589     
   1.5050000000000008        12.122662507110070     
   1.5399999999999991        12.843470581087686     
   1.5749999999999993        13.660772585471362     
   1.6099999999999994        14.582844511509400     
   1.6449999999999996        15.618894374880711     
   1.6799999999999997        16.779160346903748     
   1.7149999999999999        18.075017834954309     
   1.7500000000000000        19.519096619498818     
   1.7850000000000001        21.125409254940287     
   1.8200000000000003        22.909492050350671     
   1.8550000000000004        24.888560065798195     
   1.8900000000000006        27.081677692060325     
   1.9250000000000007        29.509946527763955     
   1.9600000000000009        32.196712430189990     
   1.9949999999999992        35.167793795974333     
   2.0299999999999994        38.451733327692402     
   2.0649999999999995        42.080075763923801     
   2.0999999999999996        46.087674296117150     
   2.1349999999999998        50.513028667864567     
   2.1699999999999999        55.398658253730346     
   2.2050000000000001        60.791513748496229     
   2.2400000000000002        66.743431466816418     
   2.2750000000000004        73.311634661378491     
   2.3100000000000005        80.559286718667096     
   2.3450000000000006        88.556101589660059     
   2.3800000000000008        97.379017363037107     
   2.4149999999999991        107.11293949603703     
   2.4499999999999993        117.85156088879748     
   2.4849999999999994        129.69826672830354     
   2.5199999999999996        142.76713284507719     
   2.5549999999999997        157.18402722732469     
   2.5899999999999999        173.08782533210524     
   2.6250000000000000        190.63175093077515     
   2.6600000000000001        209.98485543707878     
   2.6950000000000003        231.33365000247383     
   2.7300000000000004        254.88390613748237     
   2.7650000000000006        280.86264224426645     
   2.8000000000000007        309.52031523993173     
   2.8350000000000009        341.13323842957266     
   2.8699999999999992        376.00624897189169     
   2.9049999999999994        414.47565068942805     
   2.9399999999999995        456.91246063326673     
   2.9749999999999996        503.72599074422180     
   3.0099999999999998        555.36779918719867     
   3.0449999999999999        612.33604950395909     
   3.0800000000000001        675.18031966628871     
   3.1150000000000002        744.50690745460020     
   3.1500000000000004        820.98468337821453     
   3.1850000000000005        905.35154763920593     
   3.2200000000000006        998.42155347279174     
   3.2550000000000008        1101.0927656300832     
   3.2899999999999991        1214.3559298656930     
   3.3249999999999993        1339.3040371217203     
   3.3599999999999994        1477.1428747365844     
   3.3949999999999996        1629.2026665354306     
   3.4299999999999997        1796.9509141703620     
   3.4649999999999999        1982.0065636750414     
   3.5000000000000000        2186.1556339911936     
   3.5350000000000001        2411.3684583377189     
   3.5700000000000003        2659.8187048627565     
   3.6050000000000004        2933.9043601953877     
   3.6400000000000006        3236.2708784625966     
   3.6750000000000007        3569.8367192414798     
   3.7100000000000009        3937.8215209783793     
   3.7449999999999992        4343.7771818481706     
   3.7799999999999994        4791.6221480940239     
   3.8149999999999995        5285.6792408514748     
   3.8499999999999996        5830.7173866195353     
   3.8849999999999998        6431.9976542255690     
   3.9199999999999999        7095.3240427035462     
   3.9550000000000001        7827.0995103684236     
   3.9900000000000002        8634.3877859654622     
   4.0250000000000004        9524.9815585907763     
   4.0600000000000005        10507.477704657113     
   4.0950000000000006        11591.360278111242     
   4.1300000000000008        12787.092065052166     
   4.1649999999999991        14106.215586576138     
   4.1999999999999993        15561.464524883279     
   4.2349999999999994        17166.886648301926     
   4.2699999999999996        18937.979421892105     
   4.3049999999999997        20891.839612750176     
   4.3399999999999999        23047.328334235171     
   4.3750000000000000        25425.253122377457     
   4.4100000000000001        28048.568802151211     
   4.4450000000000003        30942.599082680885     
   4.4800000000000004        34135.281020559312     
   4.5150000000000006        37657.434711213355     
   4.5500000000000007        41543.060811792857     
   4.5850000000000009        45829.668767731317     
   4.6199999999999992        50558.638911525821     
   4.6549999999999994        55775.621929270390     
   4.6899999999999995        61530.979551208089     
   4.7249999999999996        67880.270720524655     
   4.7599999999999998        74884.787933632557     
   4.7949999999999999        82612.148929526535     
   4.8300000000000001        91136.949440106182     
   4.8650000000000002        100541.48330281550     
   4.9000000000000004        110916.53688723379     
   4.9350000000000005        122362.26550464510     
   4.9700000000000006        134989.16026103898     
   5.0050000000000008        148919.11468709458     
   5.0399999999999991        164286.60144190054     
   5.0749999999999993        181239.97044976489     
   5.1099999999999994        199942.88100172731     
   5.1449999999999996        220575.88164661976     
   5.1799999999999997        243338.15312321347     
   5.2149999999999999        268449.43115891359     
   5.2500000000000000        296152.12769681099     
   5.2850000000000001        326713.67102843698     
   5.3200000000000003        360429.08742278017     
   5.3550000000000004        397623.84917341929     
   5.3900000000000006        438657.01655750175     
   5.4250000000000007        483924.70403758797     
   5.4600000000000009        533863.90416747134     
   5.4949999999999992        588956.70611619309     
   5.5299999999999994        649734.94953393284     
   5.5649999999999995        716785.35868604470     
   5.5999999999999996        790755.20641779527     
   5.6349999999999998        872358.56262710132     
   5.6699999999999999        962383.18756513391     
   5.7050000000000001        1061698.1365095268     
   5.7400000000000002        1171262.1492221886     
   5.7750000000000004        1292132.9051796661     
   5.8100000000000005        1425477.2339217742     
   5.8450000000000006        1572582.3790844788     
   5.8800000000000008        1734868.4248547978     
   5.9149999999999991        1913902.0048069719     
   5.9499999999999993        2111411.4254586739     
   5.9849999999999994        2329303.3505430729     
   6.0199999999999996        2569681.2070590090     
   6.0549999999999997        2834865.4907827717     
   6.0899999999999999        3127416.1672615116     
   6.1250000000000000        3450157.3845371162     
   6.1600000000000001        3806204.7361657652     
   6.1950000000000003        4198995.3377177510     
   6.2300000000000004        4632321.0071021914     
   6.2650000000000006        5110364.8690241491     
   6.3000000000000007        5637741.7369366670     
   6.3350000000000009        6219542.6623164164     
   6.3699999999999992        6861384.0813210718     
   6.4049999999999994        7569462.0332675241     
   6.4399999999999995        8350611.9743310511     
   6.4749999999999996        9212374.7638792545     
   6.5099999999999998        10163069.460442327     
   6.5449999999999999        11211873.630058283     
   6.5800000000000001        12368911.942252813     
   6.6150000000000002        13645353.908918377     
   6.6500000000000004        15053521.709618500     
   6.6850000000000005        16607009.144212920     
   6.7200000000000006        18320812.861117236     
   6.7550000000000008        20211477.128014002     
   6.7899999999999991        22297253.542564802     
   6.8249999999999993        24598277.224896692     
   6.8599999999999994        27136761.192743808     
   6.8949999999999996        29937210.795651920     
   6.9299999999999997        33026660.278294597     
   6.9649999999999999        36434933.756573893     
   7.0000000000000000        40194933.125848196     


 # E =   -14.000000000000000     
  -6.9649999999999999        0.0000000000000000     
  -6.9299999999999997       7.00525159592577582E-008
  -6.8949999999999996       1.40420482339025504E-007
  -6.8600000000000003       2.11420769920394901E-007
  -6.8250000000000002       2.83373096810450213E-007
  -6.7900000000000000       3.56601468142523704E-007
  -6.7549999999999999       4.31435635079659848E-007
  -6.7199999999999998       5.08212579691011233E-007
  -6.6849999999999996       5.87278032387354106E-007
  -6.6500000000000004       6.68988028748478285E-007
  -6.6150000000000002       7.53710512752530218E-007
  -6.5800000000000001       8.41826993626272986E-007
  -6.5449999999999999       9.33734263776604424E-007
  -6.5099999999999998       1.02984618553863630E-006
  -6.4749999999999996       1.13059555478541404E-006
  -6.4399999999999995       1.23643604979034224E-006
  -6.4050000000000002       1.34784427411713483E-006
  -6.3700000000000001       1.46532190273534785E-006
  -6.3350000000000000       1.58939794102418218E-006
  -6.2999999999999998       1.72063110683535582E-006
  -6.2649999999999997       1.85961234633971299E-006
  -6.2300000000000004       2.00696749498435736E-006
  -6.1950000000000003       2.16336009554016402E-006
  -6.1600000000000001       2.32949438592648396E-006
  -6.1250000000000000       2.50611847026386167E-006
  -6.0899999999999999       2.69402768743008534E-006
  -6.0549999999999997       2.89406819228356988E-006
  -6.0199999999999996       3.10714076567492161E-006
  -5.9850000000000003       3.33420487039684708E-006
  -5.9500000000000002       3.57628297132894199E-006
  -5.9150000000000000       3.83446513922230734E-006
  -5.8799999999999999       4.10991395884469963E-006
  -5.8449999999999998       4.40386976357572490E-006
  -5.8100000000000005       4.71765622000959155E-006
  -5.7750000000000004       5.05268628769666156E-006
  -5.7400000000000002       5.41046858084154679E-006
  -5.7050000000000001       5.79261416058230459E-006
  -5.6699999999999999       6.20084378841044846E-006
  -5.6349999999999998       6.63699567336362703E-006
  -5.5999999999999996       7.10303374784119110E-006
  -5.5649999999999995       7.60105650926728257E-006
  -5.5300000000000002       8.13330646736713073E-006
  -5.4950000000000001       8.70218023954119675E-006
  -5.4600000000000000       9.31023933973068440E-006
  -5.4249999999999998       9.96022170927966977E-006
  -5.3899999999999997       1.06550540416273426E-005
  -5.3550000000000004       1.13978649562233881E-005
  -5.3200000000000003       1.21919990808659611E-005
  -5.2850000000000001       1.30410321057317061E-005
  -5.2500000000000000       1.39487868767188172E-005
  -5.2149999999999999       1.49193506003760735E-005
  -5.1799999999999997       1.59570932376635207E-005
  -5.1449999999999996       1.70666871691055182E-005
  -5.1100000000000003       1.82531282195773772E-005
  -5.0750000000000002       1.95217581370370747E-005
  -5.0400000000000000       2.08782886259998862E-005
  -5.0049999999999999       2.23288270434837976E-005
  -4.9700000000000006       2.38799038725567602E-005
  -4.9350000000000005       2.55385020965247661E-005
  -4.9000000000000004       2.73120886052453184E-005
  -4.8650000000000002       2.92086477740698803E-005
  -4.8300000000000001       3.12367173655483425E-005
  -4.7949999999999999       3.34054269143085338E-005
  -4.7599999999999998       3.57245387664959879E-005
  -4.7249999999999996       3.82044919568681418E-005
  -4.6899999999999995       4.08564491191297272E-005
  -4.6549999999999994       4.36923466384217031E-005
  -4.6200000000000001       4.67249482690868041E-005
  -4.5850000000000000       4.99679024559851221E-005
  -4.5499999999999998       5.34358036137808453E-005
  -4.5150000000000006       5.71442576358260510E-005
  -4.4800000000000004       6.11099519225921168E-005
  -4.4450000000000003       6.53507302391093234E-005
  -4.4100000000000001       6.98856727316380820E-005
  -4.3750000000000000       7.47351814558811726E-005
  -4.3399999999999999       7.99210717925273226E-005
  -4.3049999999999997       8.54666701508666145E-005
  -4.2699999999999996       9.13969183877120741E-005
  -4.2349999999999994       9.77384853969761312E-005
  -4.2000000000000002       1.04519886355060345E-004
  -4.1650000000000000       1.11771610138798234E-004
  -4.1299999999999999       1.19526255466116598E-004
  -4.0950000000000006       1.27818676344921070E-004
  -4.0600000000000005       1.36686137453032530E-004
  -4.0250000000000004       1.46168480111360594E-004
  -3.9900000000000002       1.56308299553949810E-004
  -3.9550000000000001       1.67151134242110442E-004
  -3.9199999999999999       1.78745668015573776E-004
  -3.8849999999999998       1.91143945921494788E-004
  -3.8500000000000001       2.04401604612144744E-004
  -3.8149999999999999       2.18578118254244592E-004
  -3.7799999999999998       2.33737060947002763E-004
  -3.7450000000000001       2.49946386701911780E-004
  -3.7100000000000000       2.67278728095047711E-004
  -3.6749999999999998       2.85811714761760539E-004
  -3.6400000000000001       3.05628312963927297E-004
  -3.6050000000000000       3.26817187520952025E-004
  -3.5699999999999998       3.49473087456921580E-004
  -3.5350000000000001       3.73697256777122822E-004
  -3.5000000000000000       3.99597871846697880E-004
  -3.4649999999999999       4.27290506901588775E-004
  -3.4300000000000002       4.56898629275917794E-004
  -3.3950000000000000       4.88554125979138564E-004
  -3.3599999999999999       5.22397863298953882E-004
  -3.3250000000000002       5.58580281140078376E-004
  -3.2900000000000000       5.97262023831972083E-004
  -3.2549999999999999       6.38614609147779549E-004
  -3.2200000000000002       6.82821137268427867E-004
  -3.1850000000000001       7.30077041396101916E-004
  -3.1499999999999999       7.80590881665341814E-004
  -3.1150000000000002       8.34585183912176171E-004
  -3.0800000000000001       8.92297324735441782E-004
  -3.0449999999999999       9.53980464112070712E-004
  -3.0099999999999998       1.01990452660069911E-003
  -2.9749999999999996       1.09035723187509066E-003
  -2.9400000000000004       1.16564517495851869E-003
  -2.9050000000000002       1.24609495606850832E-003
  -2.8700000000000001       1.33205435941215786E-003
  -2.8350000000000000       1.42389357957719686E-003
  -2.7999999999999998       1.52200649332187880E-003
  -2.7649999999999997       1.62681197355360853E-003
  -2.7300000000000004       1.73875524107441892E-003
  -2.6950000000000003       1.85830924822990391E-003
  -2.6600000000000001       1.98597608689185133E-003
  -2.6250000000000000       2.12228841119414986E-003
  -2.5899999999999999       2.26781086308247646E-003
  -2.5549999999999997       2.42314148598189640E-003
  -2.5199999999999996       2.58891310867889485E-003
  -2.4850000000000003       2.76579467779661378E-003
  -2.4500000000000002       2.95449251295047720E-003
  -2.4150000000000000       3.15575145373786069E-003
  -2.3799999999999999       3.37035586206839433E-003
  -2.3449999999999998       3.59913043690691112E-003
  -2.3099999999999996       3.84294079120460442E-003
  -2.2750000000000004       4.10269373256333565E-003
  -2.2400000000000002       4.37933717994669954E-003
  -2.2050000000000001       4.67385963846312161E-003
  -2.1699999999999999       4.98728914286116279E-003
  -2.1349999999999998       5.32069156787969792E-003
  -2.0999999999999996       5.67516819000400685E-003
  -2.0650000000000004       6.05185237055713438E-003
  -2.0300000000000002       6.45190521452865522E-003
  -1.9950000000000001       6.87651004331210017E-003
  -1.9600000000000000       7.32686550288755116E-003
  -1.9249999999999998       7.80417711236755865E-003
  -1.8899999999999997       8.30964704178928544E-003
  -1.8550000000000004       8.84446189332431347E-003
  -1.8200000000000003       9.40977824763324089E-003
  -1.7850000000000001       1.00067057280894250E-002
  -1.7500000000000000       1.06362873314655489E-002
  -1.7149999999999999       1.12994767761241798E-002
  -1.6799999999999997       1.19971126297696400E-002
  -1.6449999999999996       1.27298890006716497E-002
  -1.6100000000000003       1.34983226114789353E-002
  -1.5750000000000002       1.43027161260124141E-002
  -1.5400000000000000       1.51431176695684452E-002
  -1.5049999999999999       1.60192765750354418E-002
  -1.4699999999999998       1.69305955030595486E-002
  -1.4349999999999996       1.78760792266317824E-002
  -1.4000000000000004       1.88542805400662497E-002
  -1.3650000000000002       1.98632439495076280E-002
  -1.3300000000000001       2.09004480254150055E-002
  -1.2949999999999999       2.19627475435332058E-002
  -1.2599999999999998       2.30463168039494702E-002
  -1.2249999999999996       2.41465957895326093E-002
  -1.1900000000000004       2.52582410940669667E-002
  -1.1550000000000002       2.63750838025151452E-002
  -1.1200000000000001       2.74900967241696811E-002
  -1.0850000000000000       2.85953735449128721E-002
  -1.0499999999999998       2.96821225570165007E-002
  -1.0149999999999997       3.07406776233996072E-002
 -0.98000000000000043       3.17605289189641926E-002
 -0.94500000000000028       3.27303757486572880E-002
 -0.91000000000000014       3.36382033593951926E-002
 -0.87500000000000000       3.44713851368559573E-002
 -0.83999999999999986       3.52168109126083928E-002
 -0.80499999999999972       3.58610413155983285E-002
 -0.76999999999999957       3.63904872077750602E-002
 -0.73500000000000032       3.67916122788816205E-002
 -0.70000000000000018       3.70511558802501390E-002
 -0.66500000000000004       3.71563721976428604E-002
 -0.62999999999999989       3.70952809474987960E-002
 -0.59499999999999975       3.68569239778749197E-002
 -0.55999999999999961       3.64316215098499235E-002
 -0.52500000000000036       3.58112213054873688E-002
 -0.49000000000000021       3.49893338237002027E-002
 -0.45500000000000007       3.39615464434991216E-002
 -0.41999999999999993       3.27256101010621678E-002
 -0.38499999999999979       3.12815921966418664E-002
 -0.34999999999999964       2.96319903620427295E-002
 -0.31500000000000039       2.77818026119983456E-002
 -0.28000000000000025       2.57385504982617988E-002
 -0.24500000000000011       2.35122531031804298E-002
 -0.20999999999999996       2.11153510064782356E-002
 -0.17499999999999982       1.85625806905908783E-002
 -0.13999999999999968       1.58708011729343165E-002
 -0.10500000000000043       1.30587759272893025E-002
 -7.00000000000002842E-002  1.01469143441233495E-002
 -3.50000000000001421E-002  7.15697804866071222E-003
   0.0000000000000000       4.11175831817127933E-003
  3.50000000000001421E-002  1.03473159352281390E-003
  7.00000000000002842E-002 -2.05029935337062465E-003
  0.10500000000000043      -5.11957066814278453E-003
  0.13999999999999968      -8.14972099286548519E-003
  0.17499999999999982      -1.11181453446044277E-002
  0.20999999999999996      -1.40033315304196933E-002
  0.24500000000000011      -1.67851718100714351E-002
  0.28000000000000025      -1.94452431890627213E-002
  0.31500000000000039      -2.19670505774841804E-002
  0.34999999999999964      -2.43362280634838828E-002
  0.38499999999999979      -2.65406946974898889E-002
  0.41999999999999993      -2.85707624324175145E-002
  0.45500000000000007      -3.04191951786907597E-002
  0.49000000000000021      -3.20812192693284773E-002
  0.52500000000000036      -3.35544869448144503E-002
  0.55999999999999961      -3.48389957138123610E-002
  0.59499999999999975      -3.59369675785456769E-002
  0.62999999999999989      -3.68526930905061292E-002
  0.66500000000000004      -3.75923459863971993E-002
  0.70000000000000018      -3.81637747172464820E-002
  0.73500000000000032      -3.85762775069639005E-002
  0.76999999999999957      -3.88403676534541525E-002
  0.80499999999999972      -3.89675356212336246E-002
  0.83999999999999986      -3.89700140870267650E-002
  0.87500000000000000      -3.88605515177043101E-002
  0.91000000000000014      -3.86521991208507165E-002
  0.94500000000000028      -3.83581151561809830E-002
  0.98000000000000043      -3.79913896781017488E-002
   1.0150000000000006      -3.75648918429725281E-002
   1.0500000000000007      -3.70911410029632418E-002
   1.0850000000000009      -3.65822019599734774E-002
   1.1199999999999992      -3.60496039983697891E-002
   1.1549999999999994      -3.55042826760276278E-002
   1.1899999999999995      -3.49565428419693347E-002
   1.2249999999999996      -3.44160409697569503E-002
   1.2599999999999998      -3.38917846451000995E-002
   1.2949999999999999      -3.33921469140774294E-002
   1.3300000000000001      -3.29248931706409981E-002
   1.3650000000000002      -3.24972183215652133E-002
   1.4000000000000004      -3.21157920953719228E-002
   1.4350000000000005      -3.17868105407878854E-002
   1.4700000000000006      -3.15160519729228150E-002
   1.5050000000000008      -3.13089358564700646E-002
   1.5399999999999991      -3.11705833520682166E-002
   1.5749999999999993      -3.11058784843084128E-002
   1.6099999999999994      -3.11195291100359005E-002
   1.6449999999999996      -3.12161270682166994E-002
   1.6799999999999997      -3.14002070744130585E-002
   1.7149999999999999      -3.16763040822402656E-002
   1.7500000000000000      -3.20490089708298856E-002
   1.7850000000000001      -3.25230225320941244E-002
   1.8200000000000003      -3.31032078259866636E-002
   1.8550000000000004      -3.37946410479620235E-002
   1.8900000000000006      -3.46026611126701161E-002
   1.9250000000000007      -3.55329182038890412E-002
   1.9600000000000009      -3.65914215750590549E-002
   1.9949999999999992      -3.77845869096695638E-002
   2.0299999999999994      -3.91192835681234488E-002
   2.0649999999999995      -4.06028820593029166E-002
   2.0999999999999996      -4.22433020824122679E-002
   2.1349999999999998      -4.40490614890808874E-002
   2.1699999999999999      -4.60293265182752306E-002
   2.2050000000000001      -4.81939636582044348E-002
   2.2400000000000002      -5.05535934908579523E-002
   2.2750000000000004      -5.31196468766880758E-002
   2.3100000000000005      -5.59044238397273449E-002
   2.3450000000000006      -5.89211555174900328E-002
   2.3800000000000008      -6.21840695456467030E-002
   2.4149999999999991      -6.57084592549129487E-002
   2.4499999999999993      -6.95107570670399771E-002
   2.4849999999999994      -7.36086124883789800E-002
   2.5199999999999996      -7.80209751133290330E-002
   2.5549999999999997      -8.27681830661679968E-002
   2.5899999999999999      -8.78720573283925388E-002
   2.6250000000000000      -9.33560024198398508E-002
   2.6600000000000001      -9.92451139256091686E-002
   2.6950000000000003      -0.10556629338723206     
   2.7300000000000004      -0.11234837110574701     
   2.7650000000000006      -0.11962223743641769     
   2.8000000000000007      -0.12742098318990788     
   2.8350000000000009      -0.13578004979291558     
   2.8699999999999992      -0.14473738990271345     
   2.9049999999999994      -0.15433363921490101     
   2.9399999999999995      -0.16461230025211740     
   2.9749999999999996      -0.17561993897368494     
   3.0099999999999998      -0.18740639510236243     
   3.0449999999999999      -0.20002500712481522     
   3.0800000000000001      -0.21353285298730673     
   3.1150000000000002      -0.22799100757775784     
   3.1500000000000004      -0.24346481816000251     
   3.1850000000000005      -0.26002419900611307     
   3.2200000000000006      -0.27774394655842088     
   3.2550000000000008      -0.29670407654469594     
   3.2899999999999991      -0.31699018456827066     
   3.3249999999999993      -0.33869383180013696     
   3.3599999999999994      -0.36191295751267222     
   3.3949999999999996      -0.38675232031516399     
   3.4299999999999997      -0.41332397008023708     
   3.4649999999999999      -0.44174775268821770     
   3.5000000000000000      -0.47215184986401282     
   3.5350000000000001      -0.50467335653889878     
   3.5700000000000003      -0.53945889833840877     
   3.6050000000000004      -0.57666529197804073     
   3.6400000000000006      -0.61646025154158413     
   3.6750000000000007      -0.65902314382335714     
   3.7100000000000009      -0.70454579613647494     
   3.7449999999999992      -0.75323336022543763     
   3.7799999999999994      -0.80530523617388439     
   3.8149999999999995      -0.86099606046845245     
   3.8499999999999996      -0.92055676266851627     
   3.8849999999999998      -0.98425569544046310     
   3.9199999999999999       -1.0523798430454803     
   3.9550000000000001       -1.1252361137230671     
   3.9900000000000002       -1.2031527217902362     
   4.0250000000000004       -1.2864806656803314     
   4.0600000000000005       -1.3755953085773818     
   4.0950000000000006       -1.4708980687638842     
   4.1300000000000008       -1.5728182272939264     
   4.1649999999999991       -1.6818148611318700     
   4.1999999999999993       -1.7983789104617713     
   4.2349999999999994       -1.9230353894768872     
   4.2699999999999996       -2.0563457506046916     
   4.3049999999999997       -2.1989104128137540     
   4.3399999999999999       -2.3513714653876860     
   4.3750000000000000       -2.5144155593414919     
   4.4100000000000001       -2.6887769995006199     
   4.4450000000000003       -2.8752410511665953     
   4.4800000000000004       -3.0746474762594072     
   4.5150000000000006       -3.2878943148601647     
   4.5500000000000007       -3.5159419291825831     
   4.5850000000000009       -3.7598173281835900     
   4.6199999999999992       -4.0206187922870686     
   4.6549999999999994       -4.2995208190461858     
   4.6899999999999995       -4.5977794120149431     
   4.7249999999999996       -4.9167377366450955     
   4.7599999999999998       -5.2578321686772966     
   4.7949999999999999       -5.6225987622627613     
   4.8300000000000001       -6.0126801669418137     
   4.8650000000000002       -6.4298330246268991     
   4.9000000000000004       -6.8759358798991332     
   4.9350000000000005       -7.3529976392389473     
   4.9700000000000006       -7.8631666172832571     
   5.0050000000000008       -8.4087402108450089     
   5.0399999999999991       -8.9921752442577905     
   5.0749999999999993       -9.6160990326312312     
   5.1099999999999994       -10.283321212835686     
   5.1449999999999996       -10.996846395491849     
   5.1799999999999997       -11.759887694937950     
   5.2149999999999999       -12.575881198100802     
   5.2500000000000000       -13.448501437424875     
   5.2850000000000001       -14.381677937534924     
   5.3200000000000003       -15.379612910142779     
   5.3550000000000004       -16.446800176879503     
   5.3900000000000006       -17.588045405263571     
   5.4250000000000007       -18.808487748928815     
   5.4600000000000009       -20.113622989559371     
   5.4949999999999992       -21.509328284741137     
   5.5299999999999994       -23.001888633170754     
   5.5649999999999995       -24.598025176396547     
   5.5999999999999996       -26.304925464535792     
   5.6349999999999998       -28.130275822256657     
   5.6699999999999999       -30.082295960770718     
   5.7050000000000001       -32.169775991695900     
   5.7400000000000002       -34.402116009465416     
   5.7750000000000004       -36.789368420524724     
   5.8100000000000005       -39.342283209927189     
   5.8450000000000006       -42.072356349166782     
   5.8800000000000008       -44.991881563231004     
   5.9149999999999991       -48.114005689984168     
   5.9499999999999993       -51.452787881167595     
   5.9849999999999994       -55.023262911602274     
   6.0199999999999996       -58.841508881679104     
   6.0549999999999997       -62.924719618004943     
   6.0899999999999999       -67.291282098228862     
   6.1250000000000000       -71.960859248697162     
   6.1600000000000001       -76.954478487779753     
   6.1950000000000003       -82.294626413583885     
   6.2300000000000004       -88.005350062439305     
   6.2650000000000006       -94.112365194128017     
   6.3000000000000007       -100.64317209147313     
   6.3350000000000009       -107.62717939573935     
   6.3699999999999992       -115.09583653548303     
   6.4049999999999994       -123.08277534518682     
   6.4399999999999995       -131.62396151139572     
   6.4749999999999996       -140.75785652832559     
   6.5099999999999998       -150.52559089223956     
   6.5449999999999999       -160.97114931449698     
   6.5800000000000001       -172.14156878729972     
   6.6150000000000002       -184.08715039403805     
   6.6500000000000004       -196.86168581803005     
   6.6850000000000005       -210.52269956963698     
   6.7200000000000006       -225.13170802251722     
   6.7550000000000008       -240.75449642547454     
   6.7899999999999991       -257.46141513730117     
   6.8249999999999993       -275.32769641857834     
   6.8599999999999994       -294.43379320696670     
   6.8949999999999996       -314.86574140151140     
   6.9299999999999997       -336.71554728734930     
   6.9649999999999999       -360.08160184541441     
   7.0000000000000000       -385.06912381280279     


 # E =   -13.000000000000000     
  -6.9649999999999999        0.0000000000000000     
  -6.9299999999999997       7.00487648165284040E-008
  -6.8949999999999996       1.40390424332832654E-007
  -6.8600000000000003       2.11319097815767951E-007
  -6.8250000000000002       2.83131358960208537E-007
  -6.7900000000000000       3.56127475943602167E-007
  -6.7549999999999999       4.30612666926792956E-007
  -6.7199999999999998       5.06898376250494964E-007
  -6.6849999999999996       5.85303576663295178E-007
  -6.6500000000000004       6.66156103025863174E-007
  -6.6150000000000002       7.49794023067602468E-007
  -6.5800000000000001       8.36567050926843328E-007
  -6.5449999999999999       9.26838009384494073E-007
  -6.5099999999999998       1.02098434690458546E-006
  -6.4749999999999996       1.11939971582420684E-006
  -6.4399999999999995       1.22249561829090196E-006
  -6.4050000000000002       1.33070312682873061E-006
  -6.3700000000000001       1.44447468672608953E-006
  -6.3350000000000000       1.56428600778032652E-006
  -6.2999999999999998       1.69063805330759687E-006
  -6.2649999999999997       1.82405913473285886E-006
  -6.2300000000000004       1.96510712051607984E-006
  -6.1950000000000003       2.11437176864846567E-006
  -6.1600000000000001       2.27247719246881549E-006
  -6.1250000000000000       2.44008447010710852E-006
  -6.0899999999999999       2.61789440846244060E-006
  -6.0549999999999997       2.80665047326797663E-006
  -6.0199999999999996       3.00714189748932142E-006
  -5.9850000000000003       3.22020698104754810E-006
  -5.9500000000000002       3.44673659565713393E-006
  -5.9150000000000000       3.68767790942557358E-006
  -5.8799999999999999       3.94403834677901009E-006
  -5.8449999999999998       4.21688980026065880E-006
  -5.8100000000000005       4.50737311180018081E-006
  -5.7750000000000004       4.81670284217680364E-006
  -5.7400000000000002       5.14617234860161619E-006
  -5.7050000000000001       5.49715919162996588E-006
  -5.6699999999999999       5.87113089398865150E-006
  -5.6349999999999998       6.26965107537023467E-006
  -5.5999999999999996       6.69438598881438598E-006
  -5.5649999999999995       7.14711148597016082E-006
  -5.5300000000000002       7.62972044032034745E-006
  -5.4950000000000001       8.14423065935690181E-006
  -5.4600000000000000       8.69279331873274165E-006
  -5.4249999999999998       9.27770195358823041E-006
  -5.3899999999999997       9.90140204456928489E-006
  -5.3550000000000004       1.05665012385277651E-005
  -5.3200000000000003       1.12757802465335556E-005
  -5.2850000000000001       1.20322044646423261E-005
  -5.2500000000000000       1.28389363658646568E-005
  -5.2149999999999999       1.36993487149831475E-005
  -5.1799999999999997       1.46170386612770936E-005
  -5.1449999999999996       1.55958427678530109E-005
  -5.1100000000000003       1.66398530401580704E-005
  -5.0750000000000002       1.77534340203879016E-005
  -5.0400000000000000       1.89412410189062833E-005
  -5.0049999999999999       2.02082395584894195E-005
  -4.9700000000000006       2.15597261122099654E-005
  -4.9350000000000005       2.30013502211050315E-005
  -4.9000000000000004       2.45391380834484705E-005
  -4.8650000000000002       2.61795177134926149E-005
  -4.8300000000000001       2.79293457739806112E-005
  -4.7949999999999999       2.97959361935821623E-005
  -4.7599999999999998       3.17870906876974900E-005
  -4.7249999999999996       3.39111313088336465E-005
  -4.6899999999999995       3.61769351610115764E-005
  -4.6549999999999994       3.85939714214405424E-005
  -4.6200000000000001       4.11723408220296069E-005
  -4.5850000000000000       4.39228177532249349E-005
  -4.5499999999999998       4.68568951632003400E-005
  -4.5150000000000006       4.99868324366203729E-005
  -4.4800000000000004       5.33257064490763296E-005
  -4.4450000000000003       5.68874660059014351E-005
  -4.4100000000000001       6.06869898874399019E-005
  -4.3750000000000000       6.47401487370130422E-005
  -4.3399999999999999       6.90638710428323845E-005
  -4.3049999999999997       7.36762134809932495E-005
  -4.2699999999999996       7.85964359034798337E-005
  -4.2349999999999994       8.38450812728627287E-005
  -4.2000000000000002       8.94440608641058758E-005
  -4.1650000000000000       9.54167450736577281E-005
  -4.1299999999999999       1.01788060196809338E-004
  -4.0950000000000006       1.08584591556187880E-004
  -4.0600000000000005       1.15834693387238051E-004
  -4.0250000000000004       1.23568605910639594E-004
  -3.9900000000000002       1.31818580046822766E-004
  -3.9550000000000001       1.40619010254068783E-004
  -3.9199999999999999       1.50006575999100223E-004
  -3.8849999999999998       1.60020392397541898E-004
  -3.8500000000000001       1.70702170591109930E-004
  -3.8149999999999999       1.82096388458787435E-004
  -3.7799999999999998       1.94250472290459541E-004
  -3.7450000000000001       2.07214990083367178E-004
  -3.7100000000000000       2.21043857154113019E-004
  -3.6749999999999998       2.35794554791581381E-004
  -3.6400000000000001       2.51528362708725842E-004
  -3.6050000000000000       2.68310606083372899E-004
  -3.5699999999999998       2.86210918009548382E-004
  -3.5350000000000001       3.05303518210816259E-004
  -3.5000000000000000       3.25667508895082891E-004
  -3.4649999999999999       3.47387188655481156E-004
  -3.4300000000000002       3.70552385343378529E-004
  -3.3950000000000000       3.95258808856139947E-004
  -3.3599999999999999       4.21608424792700221E-004
  -3.3250000000000002       4.49709849932701760E-004
  -3.2900000000000000       4.79678770488088299E-004
  -3.2549999999999999       5.11638384057447109E-004
  -3.2200000000000002       5.45719866180515399E-004
  -3.1850000000000001       5.82062862340129586E-004
  -3.1499999999999999       6.20816006188024756E-004
  -3.1150000000000002       6.62137464675217067E-004
  -3.0800000000000001       7.06195510642520737E-004
  -3.0449999999999999       7.53169123266579166E-004
  -3.0099999999999998       8.03248616555295538E-004
  -2.9749999999999996       8.56636295836413339E-004
  -2.9400000000000004       9.13547141875795197E-004
  -2.9050000000000002       9.74209521887984837E-004
  -2.8700000000000001       1.03886592624981614E-003
  -2.8350000000000000       1.10777372918546661E-003
  -2.7999999999999998       1.18120597104398335E-003
  -2.7649999999999997       1.25945215902153627E-003
  -2.7300000000000004       1.34281908227190791E-003
  -2.6950000000000003       1.43163163627911712E-003
  -2.6600000000000001       1.52623365011215041E-003
  -2.6250000000000000       1.62698870871741180E-003
  -2.5899999999999999       1.73428096070073179E-003
  -2.5549999999999997       1.84851590007570734E-003
  -2.5199999999999996       1.97012110817398108E-003
  -2.4850000000000003       2.09954693928817620E-003
  -2.4500000000000002       2.23726713060938380E-003
  -2.4150000000000000       2.38377931358604378E-003
  -2.3799999999999999       2.53960539992600627E-003
  -2.3449999999999998       2.70529181104442115E-003
  -2.3099999999999996       2.88140951478383159E-003
  -2.2750000000000004       3.06855382765950768E-003
  -2.2400000000000002       3.26734393467845510E-003
  -2.2050000000000001       3.47842207191964006E-003
  -2.1699999999999999       3.70245230953436923E-003
  -2.1349999999999998       3.94011886463716508E-003
  -2.0999999999999996       4.19212386474255693E-003
  -2.0650000000000004       4.45918447302993612E-003
  -2.0300000000000002       4.74202927689921973E-003
  -1.9950000000000001       5.04139383118273107E-003
  -1.9600000000000000       5.35801523724102006E-003
  -1.9249999999999998       5.69262562931460107E-003
  -1.8899999999999997       6.04594443035329394E-003
  -1.8550000000000004       6.41866923164248048E-003
  -1.8200000000000003       6.81146514457022911E-003
  -1.7850000000000001       7.22495246966349709E-003
  -1.7500000000000000       7.65969252856549786E-003
  -1.7149999999999999       8.11617151010627681E-003
  -1.6799999999999997       8.59478219338855563E-003
  -1.6449999999999996       9.09580343039168016E-003
  -1.6100000000000003       9.61937729964932806E-003
  -1.5750000000000002       1.01654838828356582E-002
  -1.5400000000000000       1.07339136693744737E-002
  -1.5049999999999999       1.13242376621574894E-002
  -1.4699999999999998       1.19357753415905588E-002
  -1.4349999999999996       1.25675607465532118E-002
  -1.4000000000000004       1.32183070499224380E-002
  -1.3650000000000002       1.38863701426920356E-002
  -1.3300000000000001       1.45697118929179678E-002
  -1.2949999999999999       1.52658639108648811E-002
  -1.2599999999999998       1.59718928253250667E-002
  -1.2249999999999996       1.66843682518238376E-002
  -1.1900000000000004       1.73993348031014350E-002
  -1.1550000000000002       1.81122896457868408E-002
  -1.1200000000000001       1.88181672328088870E-002
  -1.0850000000000000       1.95113329258421384E-002
  -1.0499999999999998       2.01855872523864256E-002
  -1.0149999999999997       2.08341825046421715E-002
 -0.98000000000000043       2.14498532702360328E-002
 -0.94500000000000028       2.20248622786951946E-002
 -0.91000000000000014       2.25510626467751440E-002
 -0.87500000000000000       2.30199772096595368E-002
 -0.83999999999999986       2.34228951388652552E-002
 -0.80499999999999972       2.37509854829898656E-002
 -0.76999999999999957       2.39954266422803437E-002
 -0.73500000000000032       2.41475501263904331E-002
 -0.70000000000000018       2.41989962755272264E-002
 -0.66500000000000004       2.41418789806525196E-002
 -0.62999999999999989       2.39689558519748866E-002
 -0.59499999999999975       2.36737997891698151E-002
 -0.55999999999999961       2.32509675309243991E-002
 -0.52500000000000036       2.26961605295949824E-002
 -0.49000000000000021       2.20063734261596866E-002
 -0.45500000000000007       2.11800255003967083E-002
 -0.41999999999999993       2.02170707419822675E-002
 -0.38499999999999979       1.91190826223031941E-002
 -0.34999999999999964       1.78893102289468045E-002
 -0.31500000000000039       1.65327031334037873E-002
 -0.28000000000000025       1.50559031709651316E-002
 -0.24500000000000011       1.34672021903766408E-002
 -0.20999999999999996       1.17764657482584186E-002
 -0.17499999999999982       9.99502364831293504E-003
 -0.13999999999999968       8.13552912792569506E-003
 -0.10500000000000043       6.21178934719181230E-003
 -7.00000000000002842E-002  4.23857061297065567E-003
 -3.50000000000001421E-002  2.23138245201101246E-003
   0.0000000000000000       2.06245214876872238E-004
  3.50000000000001421E-002 -1.82055366761189018E-003
  7.00000000000002842E-002 -3.83270935178388209E-003
  0.10500000000000043      -5.81414959173883264E-003
  0.13999999999999968      -7.74927950403323396E-003
  0.17499999999999982      -9.62321563742623426E-003
  0.20999999999999996      -1.14220041844406827E-002
  0.24500000000000011      -1.31328185964119867E-002
  0.28000000000000025      -1.47441324178419174E-002
  0.31500000000000039      -1.62458638256936551E-002
  0.34999999999999964      -1.76294891274988638E-002
  0.38499999999999979      -1.88881233178468839E-002
  0.41999999999999993      -2.00165666915350024E-002
  0.45500000000000007      -2.10113174358359661E-002
  0.49000000000000021      -2.18705510440540610E-002
  0.52500000000000036      -2.25940682764707544E-002
  0.55999999999999961      -2.31832142114940763E-002
  0.59499999999999975      -2.36407716493045872E-002
  0.62999999999999989      -2.39708327255967017E-002
  0.66500000000000004      -2.41786530419692176E-002
  0.70000000000000018      -2.42704929062459648E-002
  0.73500000000000032      -2.42534503921653308E-002
  0.76999999999999957      -2.41352908734376800E-002
  0.80499999999999972      -2.39242774706176636E-002
  0.83999999999999986      -2.36290064871351665E-002
  0.87500000000000000      -2.32582514267391169E-002
  0.91000000000000014      -2.28208186074781161E-002
  0.94500000000000028      -2.23254167494640783E-002
  0.98000000000000043      -2.17805422484380930E-002
   1.0150000000000006      -2.11943811868458704E-002
   1.0500000000000007      -2.05747285078441630E-002
   1.0850000000000009      -1.99289242097324994E-002
   1.1199999999999992      -1.92638059271853547E-002
   1.1549999999999994      -1.85856768633823714E-002
   1.1899999999999995      -1.79002877293446376E-002
   1.2249999999999996      -1.72128311332599843E-002
   1.2599999999999998      -1.65279467381166771E-002
   1.2949999999999999      -1.58497354615079397E-002
   1.3300000000000001      -1.51817810153370529E-002
   1.3650000000000002      -1.45271771622322680E-002
   1.4000000000000004      -1.38885591863042671E-002
   1.4350000000000005      -1.32681382255038123E-002
   1.4700000000000006      -1.26677372795077677E-002
   1.5050000000000008      -1.20888278806404528E-002
   1.5399999999999991      -1.15325665875301055E-002
   1.5749999999999993      -1.09998306256034011E-002
   1.6099999999999994      -1.04912521505337100E-002
   1.6449999999999996      -1.00072507474012959E-002
   1.6799999999999997      -9.54806389799857727E-003
   1.7149999999999999      -9.11377525094529163E-003
   1.7500000000000000      -8.70434061445229945E-003
   1.7850000000000001      -8.31961166069465109E-003
   1.8200000000000003      -7.95935738523986976E-003
   1.8550000000000004      -7.62328340647504005E-003
   1.8900000000000006      -7.31104922022974592E-003
   1.9250000000000007      -7.02228354553382714E-003
   1.9600000000000009      -6.75659791032676062E-003
   1.9949999999999992      -6.51359863246278852E-003
   2.0299999999999994      -6.29289735288442609E-003
   2.0649999999999995      -6.09412027554474822E-003
   2.0999999999999996      -5.91691626355040235E-003
   2.1349999999999998      -5.76096393391147075E-003
   2.1699999999999999      -5.62597788490788731E-003
   2.2050000000000001      -5.51171418096580400E-003
   2.2400000000000002      -5.41797521051325982E-003
   2.2750000000000004      -5.34461402288355196E-003
   2.3100000000000005      -5.29153824120291282E-003
   2.3450000000000006      -5.25871363951271702E-003
   2.3800000000000008      -5.24616746425540792E-003
   2.4149999999999991      -5.25399157277297354E-003
   2.4499999999999993      -5.28234545466766455E-003
   2.4849999999999994      -5.33145919577104280E-003
   2.5199999999999996      -5.40163643905416414E-003
   2.5549999999999997      -5.49325739206969841E-003
   2.5899999999999999      -5.60678192641761788E-003
   2.6250000000000000      -5.74275281123544454E-003
   2.6600000000000001      -5.90179911979440801E-003
   2.6950000000000003      -6.08463984589562978E-003
   2.7300000000000004      -6.29208776486741422E-003
   2.7650000000000006      -6.52505357252920054E-003
   2.8000000000000007      -6.78455033447522039E-003
   2.8350000000000009      -7.07169827740980993E-003
   2.8699999999999992      -7.38772995400793168E-003
   2.9049999999999994      -7.73399581285342044E-003
   2.9399999999999995      -8.11197020540151137E-003
   2.9749999999999996      -8.52325786260244370E-003
   3.0099999999999998      -8.96960087479341771E-003
   3.0449999999999999      -9.45288620970400825E-003
   3.0800000000000001      -9.97515380491536229E-003
   3.1150000000000002      -1.05386052728586102E-002
   3.1500000000000004      -1.11456132584281890E-002
   3.1850000000000005      -1.17987314915187196E-002
   3.2200000000000006      -1.25007055792695412E-002
   3.2550000000000008      -1.32544845855209099E-002
   3.2899999999999991      -1.40632334479542792E-002
   3.3249999999999993      -1.49303462866118061E-002
   3.3599999999999994      -1.58594606609752317E-002
   3.3949999999999996      -1.68544728365409985E-002
   3.4299999999999997      -1.79195541258684067E-002
   3.4649999999999999      -1.90591683734138220E-002
   3.5000000000000000      -2.02780906581112481E-002
   3.5350000000000001      -2.15814272926346529E-002
   3.5700000000000003      -2.29746372035983942E-002
   3.6050000000000004      -2.44635547826393060E-002
   3.6400000000000006      -2.60544143043990595E-002
   3.6750000000000007      -2.77538760139124235E-002
   3.7100000000000009      -2.95690539928314053E-002
   3.7449999999999992      -3.15075459213050024E-002
   3.7799999999999994      -3.35774648602189876E-002
   3.8149999999999995      -3.57874731869121387E-002
   3.8499999999999996      -3.81468188264587407E-002
   3.8849999999999998      -4.06653739301789802E-002
   3.9199999999999999      -4.33536761632485959E-002
   3.9550000000000001      -4.62229727741687232E-002
   3.9900000000000002      -4.92852676304716131E-002
   4.0250000000000004      -5.25533714174259217E-002
   4.0600000000000005      -5.60409552097181490E-002
   4.0950000000000006      -5.97626076401790926E-002
   4.1300000000000008      -6.37338959046553355E-002
   4.1649999999999991      -6.79714308581575444E-002
   4.1999999999999993      -7.24929364745172944E-002
   4.2349999999999994      -7.73173239600232903E-002
   4.2699999999999996      -8.24647708309621252E-002
   4.3049999999999997      -8.79568052857400556E-002
   4.3399999999999999      -9.38163962243964561E-002
   4.3750000000000000      -0.10006804929192975     
   4.4100000000000001      -0.10673790934704111     
   4.4450000000000003      -0.11385386978476529     
   4.4800000000000004      -0.12144568917011403     
   4.5150000000000006      -0.12954511567042498     
   4.5500000000000007      -0.13818601980671646     
   4.5850000000000009      -0.14740453607913107     
   4.6199999999999992      -0.15723921405865504     
   4.6549999999999994      -0.16773117957688105     
   4.6899999999999995      -0.17892430668780351     
   4.7249999999999996      -0.19086540112067638     
   4.7599999999999998      -0.20360439599100985     
   4.7949999999999999      -0.21719456058803724     
   4.8300000000000001      -0.23169272311165878     
   4.8650000000000002      -0.24715950829019639     
   4.9000000000000004      -0.26365959087251339     
   4.9350000000000005      -0.28126196605442905     
   4.9700000000000006      -0.30004023797016405     
   5.0050000000000008      -0.32007292745508925     
   5.0399999999999991      -0.34144380036662747     
   5.0749999999999993      -0.36424221783611893     
   5.1099999999999994      -0.38856350991615995     
   5.1449999999999996      -0.41450937418574835     
   5.1799999999999997      -0.44218830097992445     
   5.2149999999999999      -0.47171602702192211     
   5.2500000000000000      -0.50321601935460236     
   5.2850000000000001      -0.53681999159463434     
   5.3200000000000003      -0.57266845466803717     
   5.3550000000000004      -0.61091130432987473     
   5.3900000000000006      -0.65170844792470040     
   5.4250000000000007      -0.69523047300842600     
   5.4600000000000009      -0.74165936062732363     
   5.4949999999999992      -0.79118924623659570     
   5.5299999999999994      -0.84402723144014169     
   5.5649999999999995      -0.90039424994564998     
   5.5999999999999996      -0.96052599135583394     
   5.6349999999999998       -1.0246738866584595     
   5.6699999999999999       -1.0931061595357963     
   5.7050000000000001       -1.1661089478893307     
   5.7400000000000002       -1.2439875002691738     
   5.7750000000000004       -1.3270674522107950     
   5.8100000000000005       -1.4156961878158272     
   5.8450000000000006       -1.5102442922701225     
   5.8800000000000008       -1.6111071013724723     
   5.9149999999999991       -1.7187063545530359     
   5.9499999999999993       -1.8334919582932439     
   5.9849999999999994       -1.9559438673205640     
   6.0199999999999996       -2.0865740914439699     
   6.0549999999999997       -2.2259288364212915     
   6.0899999999999999       -2.3745907878100589     
   6.1250000000000000       -2.5331815473513033     
   6.1600000000000001       -2.7023642320735641     
   6.1950000000000003       -2.8828462469847413     
   6.2300000000000004       -3.0753822429452438     
   6.2650000000000006       -3.2807772720901904     
   6.3000000000000007       -3.4998901539944312     
   6.3350000000000009       -3.7336370666553318     
   6.3699999999999992       -3.9829953773082978     
   6.4049999999999994       -4.2490077290928285     
   6.4399999999999995       -4.5327864006566738     
   6.4749999999999996       -4.8355179569269096     
   6.5099999999999998       -5.1584682104941937     
   6.5449999999999999       -5.5029875143552465     
   6.5800000000000001       -5.8705164081440904     
   6.6150000000000002       -6.2625916414606380     
   6.6500000000000004       -6.6808525994819741     
   6.6850000000000005       -7.1270481577237303     
   6.7200000000000006       -7.6030439946133734     
   6.7550000000000008       -8.1108303924514615     
   6.7899999999999991       -8.6525305593790325     
   6.8249999999999993       -9.2304095071477583     
   6.8599999999999994       -9.8468835218134849     
   6.8949999999999996       -10.504530266952971     
   6.9299999999999997       -11.206099561648395     
   6.9649999999999999       -11.954524878305630     
   7.0000000000000000       -12.752935608382082     


