 # E =   -31.000000000000000     
  -6.9649999999999999        0.0000000000000000     
  -6.9299999999999997       9.99524655806686863E-016
  -6.8949999999999996       2.00902016729236276E-015
  -6.8600000000000003       3.03855684101922524E-015
  -6.8250000000000002       4.09840490523326814E-015
  -6.7900000000000000       5.19913696125634862E-015
  -6.7549999999999999       6.35173345119383502E-015
  -6.7199999999999998       7.56769219405303491E-015
  -6.6849999999999996       8.85914308295090073E-015
  -6.6500000000000004       1.02389690875726673E-014
  -6.6150000000000002       1.17209347689394854E-014
  -6.5800000000000001       1.33198235884802757E-014
  -6.5449999999999999       1.50515853811282207E-014
  -6.5099999999999998       1.69334954635507122E-014
  -6.4749999999999996       1.89843269646842895E-014
  -6.4399999999999995       2.12245380976409433E-014
  -6.4050000000000002       2.36764762410944940E-014
  -6.3700000000000001       2.63646008659321732E-014
  -6.3350000000000000       2.93157275309396904E-014
  -6.2999999999999998       3.25592953814522357E-014
  -6.2649999999999997       3.61276608193460229E-014
  -6.2300000000000004       4.00564202738024336E-014
  -6.1950000000000003       4.43847652925538911E-014
  -6.1600000000000001       4.91558734957118250E-014
  -6.1250000000000000       5.44173392919978575E-014
  -6.0899999999999999       6.02216486538169060E-014
  -6.0549999999999997       6.66267026870808246E-014
  -6.0199999999999996       7.36963952183954505E-014
  -5.9850000000000003       8.15012501610163388E-014
  -5.9500000000000002       9.01191250172312197E-014
  -5.9150000000000000       9.96359875344858672E-014
  -5.8799999999999999       1.10146773262211795E-013
  -5.8449999999999998       1.21756332563213574E-013
  -5.8100000000000005       1.34580476525675711E-013
  -5.7750000000000004       1.48747132208247928E-013
  -5.7400000000000002       1.64397618741097004E-013
  -5.7050000000000001       1.81688057011141944E-013
  -5.6699999999999999       2.00790926991931997E-013
  -5.6349999999999998       2.21896788251061525E-013
  -5.5999999999999996       2.45216180795314515E-013
  -5.5649999999999995       2.70981725212114634E-013
  -5.5300000000000002       2.99450443053237210E-013
  -5.4950000000000001       3.30906320602924251E-013
  -5.4600000000000000       3.65663141599403135E-013
  -5.4249999999999998       4.04067617160525099E-013
  -5.3899999999999997       4.46502844127508835E-013
  -5.3550000000000004       4.93392126315114580E-013
  -5.3200000000000003       5.45203196774574868E-013
  -5.2850000000000001       6.02452883173291425E-013
  -5.2500000000000000       6.65712262812455956E-013
  -5.2149999999999999       7.35612358684312248E-013
  -5.1799999999999997       8.12850433363310717E-013
  -5.1449999999999996       8.98196943483530513E-013
  -5.1100000000000003       9.92503224137703900E-013
  -5.0750000000000002       1.09670997980640450E-012
  -5.0400000000000000       1.21185666646171686E-012
  -5.0049999999999999       1.33909185836780750E-012
  -4.9700000000000006       1.47968470290941605E-012
  -4.9350000000000005       1.63503757761571340E-012
  -4.9000000000000004       1.80670007551873111E-012
  -4.8650000000000002       1.99638445821134456E-012
  -4.8300000000000001       2.20598273058063157E-012
  -4.7949999999999999       2.43758550733302857E-012
  -4.7599999999999998       2.69350285925778301E-012
  -4.7249999999999996       2.97628734687106586E-012
  -4.6899999999999995       3.28875947083938685E-012
  -4.6549999999999994       3.63403579261239434E-012
  -4.6200000000000001       4.01556000523877827E-012
  -4.5850000000000000       4.43713726365631554E-012
  -4.5499999999999998       4.90297211612662402E-012
  -4.5150000000000006       5.41771041424512671E-012
  -4.4800000000000004       5.98648561844810328E-012
  -4.4450000000000003       6.61496995954846974E-012
  -4.4100000000000001       7.30943096498681434E-012
  -4.3750000000000000       8.07679391165444996E-012
  -4.3399999999999999       8.92471082584920219E-012
  -4.3049999999999997       9.86163671573305612E-012
  -4.2699999999999996       1.08969137932027690E-011
  -4.2349999999999994       1.20408645210522404E-011
  -4.2000000000000002       1.33048944084609962E-011
  -4.1650000000000000       1.47016055740251146E-011
  -4.1299999999999999       1.62449222016772620E-011
  -4.0950000000000006       1.79502291319352913E-011
  -4.0600000000000005       1.98345249600874488E-011
  -4.0250000000000004       2.19165911553903567E-011
  -3.9900000000000002       2.42171788724656307E-011
  -3.9550000000000001       2.67592152993047540E-011
  -3.9199999999999999       2.95680315772433717E-011
  -3.8849999999999998       3.26716145387122984E-011
  -3.8500000000000001       3.61008847404467734E-011
  -3.8149999999999999       3.98900035252506344E-011
  -3.7799999999999998       4.40767121266752143E-011
  -3.7450000000000001       4.87027061405990249E-011
  -3.7100000000000000       5.38140490284233257E-011
  -3.6749999999999998       5.94616286914075392E-011
  -3.6400000000000001       6.57016615677899031E-011
  -3.6050000000000000       7.25962491572731032E-011
  -3.5699999999999998       8.02139923749852741E-011
  -3.5350000000000001       8.86306696832332467E-011
  -3.5000000000000000       9.79299855486311238E-011
  -3.4649999999999999       1.08204396429212106E-010
  -3.4300000000000002       1.19556022215928975E-010
  -3.3950000000000000       1.32097651840848230E-010
  -3.3599999999999999       1.45953852625979628E-010
  -3.3250000000000002       1.61262193887977211E-010
  -3.2900000000000000       1.78174596341077438E-010
  -3.2549999999999999       1.96858819959993820E-010
  -3.2200000000000002       2.17500104182600308E-010
  -3.1850000000000001       2.40302975655700596E-010
  -3.1499999999999999       2.65493240162539738E-010
  -3.1150000000000002       2.93320176924292262E-010
  -3.0800000000000001       3.24058955145490951E-010
  -3.0449999999999999       3.58013294480516703E-010
  -3.0099999999999998       3.95518393039172939E-010
  -2.9749999999999996       4.36944148626992134E-010
  -2.9400000000000004       4.82698701131413917E-010
  -2.9050000000000002       5.33232326317072690E-010
  -2.8700000000000001       5.89041713777747436E-010
  -2.8350000000000000       6.50674664400667720E-010
  -2.7999999999999998       7.18735245417401495E-010
  -2.7649999999999997       7.93889443924719740E-010
  -2.7300000000000004       8.76871362631085703E-010
  -2.6950000000000003       9.68490004482567874E-010
  -2.6600000000000001       1.06963669569715496E-009
  -2.6250000000000000       1.18129319952555893E-009
  -2.5899999999999999       1.30454057567945329E-009
  -2.5549999999999997       1.44056884272408724E-009
  -2.5199999999999996       1.59068750269640908E-009
  -2.4850000000000003       1.75633698862860236E-009
  -2.4500000000000002       1.93910109634302582E-009
  -2.4150000000000000       2.14072046161145289E-009
  -2.3799999999999999       2.36310714226752850E-009
  -2.3449999999999998       2.60836036180287264E-009
  -2.3099999999999996       2.87878346598182398E-009
  -2.2750000000000004       3.17690213662899920E-009
  -2.2400000000000002       3.50548389645604577E-009
  -2.2050000000000001       3.86755892499793277E-009
  -2.1699999999999999       4.26644218773810071E-009
  -2.1349999999999998       4.70575685754007173E-009
  -2.0999999999999996       5.18945897870461571E-009
  -2.0650000000000004       5.72186328838308142E-009
  -2.0300000000000002       6.30767006666727080E-009
  -1.9950000000000001       6.95199283435002010E-009
  -1.9600000000000000       7.66038665497800810E-009
  -1.9249999999999998       8.43887672427103831E-009
  -1.8899999999999997       9.29398684418884972E-009
  -1.8550000000000004       1.02327672799455454E-008
  -1.8200000000000003       1.12628213853872033E-008
  -1.7850000000000001       1.23923302549898343E-008
  -1.7500000000000000       1.36300745194277057E-008
  -1.7149999999999999       1.49854522470038998E-008
  -1.6799999999999997       1.64684917469026017E-008
  -1.6449999999999996       1.80898578950033969E-008
  -1.6100000000000003       1.98608504230382045E-008
  -1.5750000000000002       2.17933924329306339E-008
  -1.5400000000000000       2.39000072278467123E-008
  -1.5049999999999999       2.61937813994671196E-008
  -1.4699999999999998       2.86883119891014706E-008
  -1.4349999999999996       3.13976354625245714E-008
  -1.4000000000000004       3.43361362208689373E-008
  -1.3650000000000002       3.75184324302573447E-008
  -1.3300000000000001       4.09592371098217085E-008
  -1.2949999999999999       4.46731926901225496E-008
  -1.2599999999999998       4.86746776593584946E-008
  -1.2249999999999996       5.29775844679533434E-008
  -1.1900000000000004       5.75950685733014811E-008
  -1.1550000000000002       6.25392693791196236E-008
  -1.1200000000000001       6.78210048527128163E-008
  -1.0850000000000000       7.34494427725728882E-008
  -1.0499999999999998       7.94317528400140417E-008
  -1.0149999999999997       8.57727452410274847E-008
 -0.98000000000000043       9.24745026144919160E-008
 -0.94500000000000028       9.95360137052234121E-008
 -0.91000000000000014       1.06952818181282104E-007
 -0.87500000000000000       1.14716673095890879E-007
 -0.83999999999999986       1.22815252196948838E-007
 -0.80499999999999972       1.31231889659209335E-007
 -0.76999999999999957       1.39945379775668567E-007
 -0.73500000000000032       1.48929843653398367E-007
 -0.70000000000000018       1.58154672995420735E-007
 -0.66500000000000004       1.67584559620551865E-007
 -0.62999999999999989       1.77179617510721867E-007
 -0.59499999999999975       1.86895601939314848E-007
 -0.55999999999999961       1.96684227706445693E-007
 -0.52500000000000036       2.06493585787160423E-007
 -0.49000000000000021       2.16268654896620246E-007
 -0.45500000000000007       2.25951901706394213E-007
 -0.41999999999999993       2.35483960818476376E-007
 -0.38499999999999979       2.44804383218914275E-007
 -0.34999999999999964       2.53852439876015999E-007
 -0.31500000000000039       2.62567965485061654E-007
 -0.28000000000000025       2.70892226137602343E-007
 -0.24500000000000011       2.78768793933230689E-007
 -0.20999999999999996       2.86144411260179411E-007
 -0.17499999999999982       2.92969827636388893E-007
 -0.13999999999999968       2.99200592599328071E-007
 -0.10500000000000043       3.04797789125381790E-007
 -7.00000000000002842E-002  3.09728693406006322E-007
 -3.50000000000001421E-002  3.13967348462572329E-007
   0.0000000000000000       3.17495040998269341E-007
  3.50000000000001421E-002  3.20300673017610856E-007
  7.00000000000002842E-002  3.22381022047394942E-007
  0.10500000000000043       3.23740886224458646E-007
  0.13999999999999968       3.24393113033355547E-007
  0.17499999999999982       3.24358513039531749E-007
  0.20999999999999996       3.23665662528091558E-007
  0.24500000000000011       3.22350601480206676E-007
  0.28000000000000025       3.20456435751056263E-007
  0.31500000000000039       3.18032854603977875E-007
  0.34999999999999964       3.15135576851198226E-007
  0.38499999999999979       3.11825740695954204E-007
  0.41999999999999993       3.08169253907642948E-007
  0.45500000000000007       3.04236122137007623E-007
  0.49000000000000021       3.00099773944403161E-007
  0.52500000000000036       2.95836401432929447E-007
  0.55999999999999961       2.91524335225695113E-007
  0.59499999999999975       2.87243471896500798E-007
  0.62999999999999989       2.83074770870471300E-007
  0.66500000000000004       2.79099836292987682E-007
  0.70000000000000018       2.75400597481970204E-007
  0.73500000000000032       2.72059099411807384E-007
  0.76999999999999957       2.69157412326523146E-007
  0.80499999999999972       2.66777667157232415E-007
  0.83999999999999986       2.65002221042701909E-007
  0.87500000000000000       2.63913955038685780E-007
  0.91000000000000014       2.63596704159705640E-007
  0.94500000000000028       2.64135818318658247E-007
  0.98000000000000043       2.65618851586838647E-007
   1.0150000000000006       2.68136376537137897E-007
   1.0500000000000007       2.71782920278228056E-007
   1.0850000000000009       2.76658019134709901E-007
   1.1199999999999992       2.82867389752882319E-007
   1.1549999999999994       2.90524215671994463E-007
   1.1899999999999995       2.99750550042497659E-007
   1.2249999999999996       3.10678837135561207E-007
   1.2599999999999998       3.23453557510800982E-007
   1.2949999999999999       3.38233004134753965E-007
   1.3300000000000001       3.55191199322062415E-007
   1.3650000000000002       3.74519965066320377E-007
   1.4000000000000004       3.96431162112133600E-007
   1.4350000000000005       4.21159115981126376E-007
   1.4700000000000006       4.48963251101959902E-007
   1.5050000000000008       4.80130957219145134E-007
   1.5399999999999991       5.14980715389123411E-007
   1.5749999999999993       5.53865514145185419E-007
   1.6099999999999994       5.97176589863106105E-007
   1.6449999999999996       6.45347529030734936E-007
   1.6799999999999997       6.98858774065962637E-007
   1.7149999999999999       7.58242578591410130E-007
   1.7500000000000000       8.24088462717361569E-007
   1.7850000000000001       8.97049223966851782E-007
   1.8200000000000003       9.77847565061798722E-007
   1.8550000000000004       1.06728340594383651E-006
   1.8900000000000006       1.16624195419945348E-006
   1.9250000000000007       1.27570261557251039E-006
   1.9600000000000009       1.39674883456026509E-006
   1.9949999999999992       1.53057896429034356E-006
   2.0299999999999994       1.67851827506200621E-006
   2.0649999999999995       1.84203222221069807E-006
   2.0999999999999996       2.02274110643532280E-006
   2.1349999999999998       2.22243627353931887E-006
   2.1699999999999999       2.44309801581849011E-006
   2.2050000000000001       2.68691535423390779E-006
   2.2400000000000002       2.95630789920609533E-006
   2.2750000000000004       3.25395000854383498E-006
   2.3100000000000005       3.58279748388346225E-006
   2.3450000000000006       3.94611707229034965E-006
   2.3800000000000008       4.34751906761523488E-006
   2.4149999999999991       4.79099333708248855E-006
   2.4499999999999993       5.28094913272309302E-006
   2.4849999999999994       5.82225908499205044E-006
   2.5199999999999996       6.42030781760421322E-006
   2.5549999999999997       7.08104566869960910E-006
   2.5899999999999999       7.81104805436851554E-006
   2.6250000000000000       8.61758106683548028E-006
   2.6600000000000001       9.50867396178117359E-006
   2.6950000000000003       1.04931992579913486E-005
   2.7300000000000004       1.15809612484486206E-005
   2.7650000000000006       1.27827938058821942E-005
   2.8000000000000007       1.41106684585001365E-005
   2.8350000000000009       1.55778138140726090E-005
   2.8699999999999992       1.71988475237348139E-005
   2.9049999999999994       1.89899221019640333E-005
   2.9399999999999995       2.09688860574039922E-005
   2.9749999999999996       2.31554619419404026E-005
   3.0099999999999998       2.55714430941975598E-005
   3.0449999999999999       2.82409110401106923E-005
   3.0800000000000001       3.11904757192924749E-005
   3.1150000000000002       3.44495409336107315E-005
   3.1500000000000004       3.80505976659985094E-005
   3.1850000000000005       4.20295481955380770E-005
   3.2200000000000006       4.64260642420698063E-005
   3.2550000000000008       5.12839827130399139E-005
   3.2899999999999991       5.66517430004045931E-005
   3.3249999999999993       6.25828701898930483E-005
   3.3599999999999994       6.91365090029338604E-005
   3.3949999999999996       7.63780137976366778E-005
   3.4299999999999997       8.43796005144423444E-005
   3.4649999999999999       9.32210670699884053E-005
   3.5000000000000000       1.02990589385548004E-004
   3.5350000000000001       1.13785600990898631E-004
   3.5700000000000003       1.25713764978190934E-004
   3.6050000000000004       1.38894048001633188E-004
   3.6400000000000006       1.53457907036773508E-004
   3.6750000000000007       1.69550600738005213E-004
   3.7100000000000009       1.87332638475860331E-004
   3.7449999999999992       2.06981381509094270E-004
   3.7799999999999994       2.28692812264196725E-004
   3.8149999999999995       2.52683489371935790E-004
   3.8499999999999996       2.79192707963577241E-004
   3.8849999999999998       3.08484886777005596E-004
   3.9199999999999999       3.40852205885538919E-004
   3.9550000000000001       3.76617521362333449E-004
   3.9900000000000002       4.16137585955874063E-004
   4.0250000000000004       4.59806607904684214E-004
   4.0600000000000005       5.08060183392527033E-004
   4.0950000000000006       5.61379641872655050E-004
   4.1300000000000008       6.20296847608274040E-004
   4.1649999999999991       6.85399505327415276E-004
   4.1999999999999993       7.57337022919246541E-004
   4.2349999999999994       8.36826989655667570E-004
   4.2699999999999996       9.24662334562264859E-004
   4.3049999999999997       1.02171923634758921E-003
   4.3399999999999999       1.12896586379695606E-003
   4.3750000000000000       1.24747203382134212E-003
   4.4100000000000001       1.37841988350609888E-003
   4.4450000000000003       1.52311566261945390E-003
   4.4800000000000004       1.68300276421800925E-003
   4.5150000000000006       1.85967612333719809E-003
   4.5500000000000007       2.05489812740211348E-003
   4.5850000000000009       2.27061619707441846E-003
   4.6199999999999992       2.50898221291463589E-003
   4.6549999999999994       2.77237398165220686E-003
   4.6899999999999995       3.06341895620199957E-003
   4.7249999999999996       3.38502044604838733E-003
   4.7599999999999998       3.74038657946091334E-003
   4.7949999999999999       4.13306230645668366E-003
   4.8300000000000001       4.56696476175787788E-003
   4.8650000000000002       5.04642234051069002E-003
   4.9000000000000004       5.57621787656899497E-003
   4.9350000000000005       6.16163635407154797E-003
   4.9700000000000006       6.80851762826375703E-003
   5.0050000000000008       7.52331468148528110E-003
   5.0399999999999991       8.31315799546120289E-003
   5.0749999999999993       9.18592668204828121E-003
   5.1099999999999994       1.01503270820073339E-002
   5.1449999999999996       1.12159796158707806E-002
   5.1799999999999997       1.23935147532938557E-002
   5.2149999999999999       1.36946790582402646E-002
   5.2500000000000000       1.51324523678654319E-002
   5.2850000000000001       1.67211772740256670E-002
   5.3200000000000003       1.84767021990675240E-002
   5.3550000000000004       2.04165394931625326E-002
   5.3900000000000006       2.25600401303013426E-002
   5.4250000000000007       2.49285867456425607E-002
   5.4600000000000009       2.75458069398775360E-002
   5.4949999999999992       3.04378089784476356E-002
   5.5299999999999994       3.36334422368524469E-002
   5.5649999999999995       3.71645849901441686E-002
   5.5999999999999996       4.10664624174777518E-002
   5.6349999999999998       4.53779979939994346E-002
   5.6699999999999999       5.01422017754145147E-002
   5.7050000000000001       5.54065994486014485E-002
   5.7400000000000002       6.12237064283048249E-002
   5.7750000000000004       6.76515517293006519E-002
   5.8100000000000005       7.47542568399671564E-002
   5.8450000000000006       8.26026753718658580E-002
   5.8800000000000008       9.12750998662137381E-002
   5.9149999999999991       0.10085804280805731     
   5.9499999999999993       0.11144709963922457     
   5.9849999999999994       0.12314790237911705     
   6.0199999999999996       0.13607717336627062     
   6.0549999999999997       0.15036388963237751     
   6.0899999999999999       0.16615056952408533     
   6.1250000000000000       0.18359469440738369     
   6.1600000000000001       0.20287027963691548     
   6.1950000000000003       0.22416961046155717     
   6.2300000000000004       0.24770516018294766     
   6.2650000000000006       0.27371170970172604     
   6.3000000000000007       0.30244868959520005     
   6.3350000000000009       0.33420276809004762     
   6.3699999999999992       0.36929071074660336     
   6.4049999999999994       0.40806254038176365     
   6.4399999999999995       0.45090502875260124     
   6.4749999999999996       0.49824555483228827     
   6.5099999999999998       0.55055636816690234     
   6.5449999999999999       0.60835929984260695     
   6.5800000000000001       0.67223096805787985     
   6.6150000000000002       0.74280853022943316     
   6.6500000000000004       0.82079603901246989     
   6.6850000000000005       0.90697146564031894     
   6.7200000000000006        1.0021944606453961     
   6.7550000000000008        1.1074149293792492     
   6.7899999999999991        1.2236825078775506     
   6.8249999999999993        1.3521570335973641     
   6.8599999999999994        1.4941201154784551     
   6.8949999999999996        1.6509879187468177     
   6.9299999999999997        1.8243252919963566     
   6.9649999999999999        2.0158613774746792     
   7.0000000000000000        2.2275068602947901     


 # E =   -30.000000000000000     
  -6.9649999999999999        0.0000000000000000     
  -6.9299999999999997       3.85783753965385892E-015
  -6.8949999999999996       7.75291688949143117E-015
  -6.8600000000000003       1.17228393247597511E-014
  -6.8250000000000002       1.58059286184893553E-014
  -6.7900000000000000       2.00416010008035190E-014
  -6.7549999999999999       2.44707456641752360E-014
  -6.7199999999999998       2.91361194878266873E-014
  -6.6849999999999996       3.40827597917254992E-014
  -6.6500000000000004       3.93584191046749156E-014
  -6.6150000000000002       4.50140261435011033E-014
  -6.5800000000000001       5.11041774533608773E-014
  -6.5449999999999999       5.76876644551702392E-014
  -6.5099999999999998       6.48280409879438632E-014
  -6.4749999999999996       7.25942368247387070E-014
  -6.4399999999999995       8.10612230846820832E-014
  -6.4050000000000002       9.03107359645219990E-014
  -6.3700000000000001       1.00432065776097409E-013
  -6.3350000000000000       1.11522918906524639E-013
  -6.2999999999999998       1.23690361021816314E-013
  -6.2649999999999997       1.37051850618884215E-013
  -6.2300000000000004       1.51736372902998794E-013
  -6.1950000000000003       1.67885684936199295E-013
  -6.1600000000000001       1.85655684076218310E-013
  -6.1250000000000000       2.05217912915567421E-013
  -6.0899999999999999       2.26761215248011785E-013
  -6.0549999999999997       2.50493559047454512E-013
  -6.0199999999999996       2.76644044056326915E-013
  -5.9850000000000003       3.05465113362490144E-013
  -5.9500000000000002       3.37234990312594846E-013
  -5.9150000000000000       3.72260364284813957E-013
  -5.8799999999999999       4.10879351245845418E-013
  -5.8449999999999998       4.53464757669249260E-013
  -5.8100000000000005       5.00427679320127242E-013
  -5.7750000000000004       5.52221469643112202E-013
  -5.7400000000000002       6.09346116057792067E-013
  -5.7050000000000001       6.72353066402449822E-013
  -5.6699999999999999       7.41850552111332700E-013
  -5.6349999999999998       8.18509459504459525E-013
  -5.5999999999999996       9.03069805858471442E-013
  -5.5649999999999995       9.96347882763223209E-013
  -5.5300000000000002       1.09924413570796837E-012
  -5.4950000000000001       1.21275185594519517E-012
  -5.4600000000000000       1.33796676851787866E-012
  -5.4249999999999998       1.47609760898268604E-012
  -5.3899999999999997       1.62847779090080817E-012
  -5.3550000000000004       1.79657827669150662E-012
  -5.3200000000000003       1.98202177605252824E-012
  -5.2850000000000001       2.18659840895804158E-012
  -5.2500000000000000       2.41228298437202904E-012
  -5.2149999999999999       2.66125406139907321E-012
  -5.1799999999999997       2.93591497678525347E-012
  -5.1449999999999996       3.23891704164472498E-012
  -5.1100000000000003       3.57318513120497425E-012
  -5.0750000000000002       3.94194591443677378E-012
  -5.0400000000000000       4.34875899588531764E-012
  -5.0049999999999999       4.79755127009136627E-012
  -4.9700000000000006       5.29265481995514866E-012
  -4.9350000000000005       5.83884872454836219E-012
  -4.9000000000000004       6.44140517954864292E-012
  -4.8650000000000002       7.10614037501744679E-012
  -4.8300000000000001       7.83947062106455846E-012
  -4.7949999999999999       8.64847426247922500E-012
  -4.7599999999999998       9.54095997914267657E-012
  -4.7249999999999996       1.05255421305025710E-011
  -4.6899999999999995       1.16117238701737436E-011
  -4.6549999999999994       1.28099888314784040E-011
  -4.6200000000000001       1.41319022671653500E-011
  -4.5850000000000000       1.55902226174364734E-011
  -4.5499999999999998       1.71990245806245367E-011
  -4.5150000000000006       1.89738348713601740E-011
  -4.4800000000000004       2.09317819728865869E-011
  -4.4450000000000003       2.30917613244802358E-011
  -4.4100000000000001       2.54746175329843343E-011
  -4.3750000000000000       2.81033453606554070E-011
  -4.3399999999999999       3.10033114213968892E-011
  -4.3049999999999997       3.42024987156969220E-011
  -4.2699999999999996       3.77317763530559038E-011
  -4.2349999999999994       4.16251970514229775E-011
  -4.2000000000000002       4.59203252684002452E-011
  -4.1650000000000000       5.06585991111789180E-011
  -4.1299999999999999       5.58857294940435505E-011
  -4.0950000000000006       6.16521403667802938E-011
  -4.0600000000000005       6.80134542277010153E-011
  -4.0250000000000004       7.50310275648044959E-011
  -3.9900000000000002       8.27725413417355454E-011
  -3.9550000000000001       9.13126521659358416E-011
  -3.9199999999999999       1.00733710349366459E-010
  -3.8849999999999998       1.11126551702513820E-010
  -3.8500000000000001       1.22591370595620747E-010
  -3.8149999999999999       1.35238682583269960E-010
  -3.7799999999999998       1.49190385726177323E-010
  -3.7450000000000001       1.64580930664492690E-010
  -3.7100000000000000       1.81558610507835624E-010
  -3.6749999999999998       2.00286982717134045E-010
  -3.6400000000000001       2.20946436371203201E-010
  -3.6050000000000000       2.43735919546726790E-010
  -3.5699999999999998       2.68874843004464354E-010
  -3.5350000000000001       2.96605177978464733E-010
  -3.5000000000000000       3.27193767620955535E-010
  -3.4649999999999999       3.60934873576346082E-010
  -3.4300000000000002       3.98152981257152925E-010
  -3.3950000000000000       4.39205889687113370E-010
  -3.3599999999999999       4.84488114277498812E-010
  -3.3250000000000002       5.34434633627478496E-010
  -3.2900000000000000       5.89525014404658626E-010
  -3.2549999999999999       6.50287951584277007E-010
  -3.2200000000000002       7.17306264821753007E-010
  -3.1850000000000001       7.91222395519944849E-010
  -3.1499999999999999       8.72744453245556870E-010
  -3.1150000000000002       9.62652864563579740E-010
  -3.0800000000000001       1.06180768210763188E-009
  -3.0449999999999999       1.17115661679830289E-009
  -3.0099999999999998       1.29174386156825912E-009
  -2.9749999999999996       1.42471978075447254E-009
  -2.9400000000000004       1.57135154547071779E-009
  -2.9050000000000002       1.73303480176575148E-009
  -2.8700000000000001       1.91130646518232670E-009
  -2.8350000000000000       2.10785874242456767E-009
  -2.7999999999999998       2.32455448816527261E-009
  -2.7649999999999997       2.56344401250954838E-009
  -2.7300000000000004       2.82678346218157403E-009
  -2.6950000000000003       3.11705490599213442E-009
  -2.6600000000000001       3.43698826241474477E-009
  -2.6250000000000000       3.78958521394318849E-009
  -2.5899999999999999       4.17814525906663511E-009
  -2.5549999999999997       4.60629405786200624E-009
  -2.5199999999999996       5.07801423097580589E-009
  -2.4850000000000003       5.59767877367239215E-009
  -2.4500000000000002       6.17008724608602339E-009
  -2.4150000000000000       6.80050489713765083E-009
  -2.3799999999999999       7.49470487193921841E-009
  -2.3449999999999998       8.25901363993196613E-009
  -2.3099999999999996       9.10035976234425959E-009
  -2.2750000000000004       1.00263260914724326E-008
  -2.2400000000000002       1.10452054592404586E-008
  -2.2050000000000001       1.21660598667109174E-008
  -2.1699999999999999       1.33987831276932443E-008
  -2.1349999999999998       1.47541668460724492E-008
  -2.0999999999999996       1.62439695154671177E-008
  -2.0650000000000004       1.78809884185957574E-008
  -2.0300000000000002       1.96791338693668765E-008
  -1.9950000000000001       2.16535051801521628E-008
  -1.9600000000000000       2.38204675468427014E-008
  -1.9249999999999998       2.61977288220843528E-008
  -1.8899999999999997       2.88044148897412987E-008
  -1.8550000000000004       3.16611420588155065E-008
  -1.8200000000000003       3.47900845611829480E-008
  -1.7850000000000001       3.82150348641486568E-008
  -1.7500000000000000       4.19614540970945862E-008
  -1.7149999999999999       4.60565094446138400E-008
  -1.6799999999999997       5.05290948824076559E-008
  -1.6449999999999996       5.54098311361482844E-008
  -1.6100000000000003       6.07310402408355966E-008
  -1.5750000000000002       6.65266895870315991E-008
  -1.5400000000000000       7.28322998843042624E-008
  -1.5049999999999999       7.96848110807442672E-008
  -1.4699999999999998       8.71223999862238158E-008
  -1.4349999999999996       9.51842431979326956E-008
  -1.4000000000000004       1.03910218966924299E-007
  -1.3650000000000002       1.13340541925436631E-007
  -1.3300000000000001       1.23515325170301075E-007
  -1.2949999999999999       1.34474065120738870E-007
  -1.2599999999999998       1.46255045887549458E-007
  -1.2249999999999996       1.58894661643965833E-007
  -1.1900000000000004       1.72426657700185822E-007
  -1.1550000000000002       1.86881293656767425E-007
  -1.1200000000000001       2.02284435122849029E-007
  -1.0850000000000000       2.18656583977561776E-007
  -1.0499999999999998       2.36011860935099947E-007
  -1.0149999999999997       2.54356958116093475E-007
 -0.98000000000000043       2.73690083264149284E-007
 -0.94500000000000028       2.93999920979015702E-007
 -0.91000000000000014       3.15264639646047777E-007
 -0.87500000000000000       3.37450975394038811E-007
 -0.83999999999999986       3.60513426183218180E-007
 -0.80499999999999972       3.84393589807556724E-007
 -0.76999999999999957       4.09019679025642962E-007
 -0.73500000000000032       4.34306245103914227E-007
 -0.70000000000000018       4.60154137726235805E-007
 -0.66500000000000004       4.86450724534017319E-007
 -0.62999999999999989       5.13070387630727787E-007
 -0.59499999999999975       5.39875307408986269E-007
 -0.55999999999999961       5.66716536297242565E-007
 -0.52500000000000036       5.93435356784598930E-007
 -0.49000000000000021       6.19864909702828936E-007
 -0.45500000000000007       6.45832070566508762E-007
 -0.41999999999999993       6.71159544122422436E-007
 -0.38499999999999979       6.95668140430655384E-007
 -0.34999999999999964       7.19179190035266361E-007
 -0.31500000000000039       7.41517051266053295E-007
 -0.28000000000000025       7.62511659564828515E-007
 -0.24500000000000011       7.82001067006743276E-007
 -0.20999999999999996       7.99833919888414065E-007
 -0.17499999999999982       8.15871823328843450E-007
 -0.13999999999999968       8.29991544185725657E-007
 -0.10500000000000043       8.42087007109173905E-007
 -7.00000000000002842E-002  8.52071043099324305E-007
 -3.50000000000001421E-002  8.59876855356352393E-007
   0.0000000000000000       8.65459173361508196E-007
  3.50000000000001421E-002  8.68795072858450913E-007
  7.00000000000002842E-002  8.69884446572742648E-007
  0.10500000000000043       8.68750117976084817E-007
  0.13999999999999968       8.65437598036441708E-007
  0.17499999999999982       8.60014492562179869E-007
  0.20999999999999996       8.52569575312089882E-007
  0.24500000000000011       8.43211549362830373E-007
  0.28000000000000025       8.32067526152903937E-007
  0.31500000000000039       8.19281258001949366E-007
  0.34999999999999964       8.05011165573778184E-007
  0.38499999999999979       7.89428206546576543E-007
  0.41999999999999993       7.72713635513149016E-007
  0.45500000000000007       7.55056707709462361E-007
  0.49000000000000021       7.36652380435294069E-007
  0.52500000000000036       7.17699065894997059E-007
  0.55999999999999961       6.98396487603474998E-007
  0.59499999999999975       6.78943689482559492E-007
  0.62999999999999989       6.59537242389630169E-007
  0.66500000000000004       6.40369687214023718E-007
  0.70000000000000018       6.21628247053637497E-007
  0.73500000000000032       6.03493833608833406E-007
  0.76999999999999957       5.86140365114220362E-007
  0.80499999999999972       5.69734405211037728E-007
  0.83999999999999986       5.54435124491918064E-007
  0.87500000000000000       5.40394579360157321E-007
  0.91000000000000014       5.27758296636140241E-007
  0.94500000000000028       5.16666147258827202E-007
  0.98000000000000043       5.07253488646290737E-007
   1.0150000000000006       4.99652552895634424E-007
   1.0500000000000007       4.93994057040507013E-007
   1.0850000000000009       4.90409011991837327E-007
   1.1199999999999992       4.89030708449539767E-007
   1.1549999999999994       4.89996860826682569E-007
   1.1899999999999995       4.93451893878410435E-007
   1.2249999999999996       4.99549361067138645E-007
   1.2599999999999998       5.08454488516568077E-007
   1.2949999999999999       5.20346843519090067E-007
   1.3300000000000001       5.35423131799536357E-007
   1.3650000000000002       5.53900132971424241E-007
   1.4000000000000004       5.76017788754658196E-007
   1.4350000000000005       6.02042463497508716E-007
   1.4700000000000006       6.32270401336412961E-007
   1.5050000000000008       6.67031408940995407E-007
   1.5399999999999991       7.06692797260544865E-007
   1.5749999999999993       7.51663620064083017E-007
   1.6099999999999994       8.02399251416465951E-007
   1.6449999999999996       8.59406348635609531E-007
   1.6799999999999997       9.23248251815781369E-007
   1.7149999999999999       9.94550875767750630E-007
   1.7500000000000000       1.07400915530919357E-006
   1.7850000000000001       1.16239411032957999E-006
   1.8200000000000003       1.26056060304452659E-006
   1.8550000000000004       1.36945586643734722E-006
   1.8900000000000006       1.49012889015313288E-006
   1.9250000000000007       1.62374075815794735E-006
   1.9600000000000009       1.77157604140028334E-006
   1.9949999999999992       1.93505535861588016E-006
   2.0299999999999994       2.11574922940822381E-006
   2.0649999999999995       2.31539335593078844E-006
   2.0999999999999996       2.53590548301763419E-006
   2.1349999999999998       2.77940400159130399E-006
   2.1699999999999999       3.04822847676847726E-006
   2.2050000000000001       3.34496230044616210E-006
   2.2400000000000002       3.67245768846207619E-006
   2.2750000000000004       4.03386326487813788E-006
   2.3100000000000005       4.43265450075160076E-006
   2.3450000000000006       4.87266730217292361E-006
   2.3800000000000008       5.35813507262613242E-006
   2.4149999999999991       5.89372960815731248E-006
   2.4499999999999993       6.48460622074103762E-006
   2.4849999999999994       7.13645352596796814E-006
   2.5199999999999996       7.85554837613144908E-006
   2.5549999999999997       8.64881646939923333E-006
   2.5899999999999999       9.52389922049644656E-006
   2.6250000000000000       1.04892275387246604E-005
   2.6600000000000001       1.15541032257819124E-005
   2.6950000000000003       1.27287887793717484E-005
   2.7300000000000004       1.40246064697052625E-005
   2.7650000000000006       1.54540476454907850E-005
   2.8000000000000007       1.70308933247347195E-005
   2.8350000000000009       1.87703472345966819E-005
   2.8699999999999992       2.06891825847034918E-005
   2.9049999999999994       2.28059039908892549E-005
   2.9399999999999995       2.51409261125723249E-005
   2.9749999999999996       2.77167707283155774E-005
   3.0099999999999998       3.05582841521015214E-005
   3.0449999999999999       3.36928770892062923E-005
   3.0800000000000001       3.71507892471716950E-005
   3.1150000000000002       4.09653812563435241E-005
   3.1500000000000004       4.51734567180733635E-005
   3.1850000000000005       4.98156174895158352E-005
   3.2200000000000006       5.49366556348005437E-005
   3.2550000000000008       6.05859858263150614E-005
   3.2899999999999991       6.68181223703195892E-005
   3.3249999999999993       7.36932054618942437E-005
   3.3599999999999994       8.12775817494553723E-005
   3.3949999999999996       8.96444448133548890E-005
   3.4299999999999997       9.88745417414583225E-005
   3.4649999999999999       1.09056952622665288E-004
   3.5000000000000000       1.20289950483251607E-004
   3.5350000000000001       1.32681949967468512E-004
   3.5700000000000003       1.46352553920530359E-004
   3.6050000000000004       1.61433707977224830E-004
   3.6400000000000006       1.78070974302016731E-004
   3.6750000000000007       1.96424936776747701E-004
   3.7100000000000009       2.16672751200969567E-004
   3.7449999999999992       2.39009855469832249E-004
   3.7799999999999994       2.63651856238796771E-004
   3.8149999999999995       2.90836610288165807E-004
   3.8499999999999996       3.20826520679965202E-004
   3.8849999999999998       3.53911069873216906E-004
   3.9199999999999999       3.90409614251128946E-004
   3.9550000000000001       4.30674467037278294E-004
   3.9900000000000002       4.75094299361836659E-004
   4.0250000000000004       5.24097892310161368E-004
   4.0600000000000005       5.78158276174296271E-004
   4.0950000000000006       6.37797296865803809E-004
   4.1300000000000008       7.03590653571968278E-004
   4.1649999999999991       7.76173456286576025E-004
   4.1999999999999993       8.56246356865106219E-004
   4.2349999999999994       9.44582312790705138E-004
   4.2699999999999996       1.04203404894521599E-003
   4.3049999999999997       1.14954228941775163E-003
   4.3399999999999999       1.26814483881688652E-003
   4.3750000000000000       1.39898660075325754E-003
   4.4100000000000001       1.54333063020637437E-003
   4.4450000000000003       1.70257032647007952E-003
   4.4800000000000004       1.87824288438171588E-003
   4.5150000000000006       2.07204413368695332E-003
   4.5500000000000007       2.28584490979264051E-003
   4.5850000000000009       2.52170911394336257E-003
   4.6199999999999992       2.78191363716629933E-003
   4.6549999999999994       3.06897034032094186E-003
   4.6899999999999995       3.38565030243889904E-003
   4.7249999999999996       3.73501057143606685E-003
   4.7599999999999998       4.12042367543615732E-003
   4.7949999999999999       4.54561017959427896E-003
   4.8300000000000001       5.01467460270906690E-003
   4.8650000000000002       5.53214504034576973E-003
   4.9000000000000004       6.10301687697356685E-003
   4.9350000000000005       6.73280100909390972E-003
   4.9700000000000006       7.42757704488366914E-003
   5.0050000000000008       8.19405199391784640E-003
   5.0399999999999991       9.03962501353529693E-003
   5.0749999999999993       9.97245883687896024E-003
   5.1099999999999994       1.10015585721438755E-002
   5.1449999999999996       1.21368586337244917E-002
   5.1799999999999997       1.33893186444543674E-002
   5.2149999999999999       1.47710292347341884E-002
   5.2500000000000000       1.62953287598839383E-002
   5.2850000000000001       1.79769320624545946E-002
   5.3200000000000003       1.98320725225111932E-002
   5.3550000000000004       2.18786587671750306E-002
   5.3900000000000006       2.41364475522264296E-002
   5.4250000000000007       2.66272344846872587E-002
   5.4600000000000009       2.93750644275306873E-002
   5.4949999999999992       3.24064636176681353E-002
   5.5299999999999994       3.57506957379730636E-002
   5.5649999999999995       3.94400444153425664E-002
   5.5999999999999996       4.35101248719024919E-002
   5.6349999999999998       4.80002277378927325E-002
   5.6699999999999999       5.29536983452433066E-002
   5.7050000000000001       5.84183551633661660E-002
   5.7400000000000002       6.44469514165483537E-002
   5.7750000000000004       7.10976843391874364E-002
   5.8100000000000005       7.84347569849839082E-002
   5.8450000000000006       8.65289980135366538E-002
   5.8800000000000008       9.54585454374750064E-002
   5.9149999999999991       0.10530960093070575     
   5.9499999999999993       0.11617726197951864     
   5.9849999999999994       0.12816643990975210     
   6.0199999999999996       0.14139287265222927     
   6.0549999999999997       0.15598424202323374     
   6.0899999999999999       0.17208140630573385     
   6.1250000000000000       0.18983976003012526     
   6.1600000000000001       0.20943073408118662     
   6.1950000000000003       0.23104345061258674     
   6.2300000000000004       0.25488654874472377     
   6.2650000000000006       0.28119019867033845     
   6.3000000000000007       0.31020832361114709     
   6.3350000000000009       0.34222105107523482     
   6.3699999999999992       0.37753741707851679     
   6.4049999999999994       0.41649834943556968     
   6.4399999999999995       0.45947995891914456     
   6.4749999999999996       0.50689717005969404     
   6.5099999999999998       0.55920772663497331     
   6.5449999999999999       0.61691661051686042     
   6.5800000000000001       0.68058091653290032     
   6.6150000000000002       0.75081523040223186     
   6.6500000000000004       0.82829756166200597     
   6.6850000000000005       0.91377588885802352     
   6.7200000000000006        1.0080753801838378     
   6.7550000000000008        1.1121063592730336     
   6.7899999999999991        1.2268730930427576     
   6.8249999999999993        1.3534834864222838     
   6.8599999999999994        1.4931597775550347     
   6.8949999999999996        1.6472503367206019     
   6.9299999999999997        1.8172426828780996     
   6.9649999999999999        2.0047778434865453     
   7.0000000000000000        2.2116661962253352     


 # E =   -14.000000000000000     
  -6.9649999999999999        0.0000000000000000     
  -6.9299999999999997       3.39530282875242712E-010
  -6.8949999999999996       6.80589489716202321E-010
  -6.8600000000000003       1.02471342868716392E-009
  -6.8250000000000002       1.37345170836181245E-009
  -6.7900000000000000       1.72837471565726191E-009
  -6.7549999999999999       2.09108068732680802E-009
  -6.7199999999999998       2.46320290685351400E-009
  -6.6849999999999996       2.84641705915121913E-009
  -6.6500000000000004       3.24244877618994411E-009
  -6.6150000000000002       3.65308140752211579E-009
  -6.5800000000000001       4.08016405069845988E-009
  -6.5449999999999999       4.52561987773231270E-009
  -6.5099999999999998       4.99145479510380385E-009
  -6.4749999999999996       5.47976647629674841E-009
  -6.4399999999999995       5.99275380753805927E-009
  -6.4050000000000002       6.53272678926942376E-009
  -6.3700000000000001       7.10211693793236103E-009
  -6.3350000000000000       7.70348823489974730E-009
  -6.2999999999999998       8.33954867184959186E-009
  -6.2649999999999997       9.01316244456134939E-009
  -6.2300000000000004       9.72736285003340556E-009
  -6.1950000000000003       1.04853659449856354E-008
  -6.1600000000000001       1.12905850272374612E-008
  -6.1250000000000000       1.21466460051547770E-008
  -6.0899999999999999       1.30574037243553210E-008
  -6.0549999999999997       1.40269593251693151E-008
  -6.0199999999999996       1.50596787089898310E-008
  -5.9850000000000003       1.61602121966362587E-008
  -5.9500000000000002       1.73335154672165602E-008
  -5.9150000000000000       1.85848718717340055E-008
  -5.8799999999999999       1.99199162218674844E-008
  -5.8449999999999998       2.13446601609887009E-008
  -5.8100000000000005       2.28655192315947293E-008
  -5.7750000000000004       2.44893417609619934E-008
  -5.7400000000000002       2.62234396950017501E-008
  -5.7050000000000001       2.80756215190545086E-008
  -5.6699999999999999       3.00542274137401139E-008
  -5.6349999999999998       3.21681668040233941E-008
  -5.5999999999999996       3.44269584704073517E-008
  -5.5649999999999995       3.68407734026740923E-008
  -5.5300000000000002       3.94204805889096348E-008
  -5.4950000000000001       4.21776959457271162E-008
  -5.4600000000000000       4.51248346097013717E-008
  -5.4249999999999998       4.82751668251101535E-008
  -5.3899999999999997       5.16428776792082168E-008
  -5.3550000000000004       5.52431309535131039E-008
  -5.3200000000000003       5.90921373780302928E-008
  -5.2850000000000001       6.32072275950718610E-008
  -5.2500000000000000       6.76069301604138147E-008
  -5.2149999999999999       7.23110549320844540E-008
  -5.1799999999999997       7.73407822211775418E-008
  -5.1449999999999996       8.27187581048455099E-008
  -5.1100000000000003       8.84691963291599076E-008
  -5.0750000000000002       9.46179872589475406E-008
  -5.0400000000000000       1.01192814363149016E-007
  -5.0049999999999999       1.08223278757834798E-007
  -4.9700000000000006       1.15741032364895362E-007
  -4.9350000000000005       1.23779920282750518E-007
  -4.9000000000000004       1.32376133006356797E-007
  -4.8650000000000002       1.41568369177505180E-007
  -4.8300000000000001       1.51398009593073434E-007
  -4.7949999999999999       1.61909303248722316E-007
  -4.7599999999999998       1.73149566248704887E-007
  -4.7249999999999996       1.85169394469209251E-007
  -4.6899999999999995       1.98022890923203600E-007
  -4.6549999999999994       2.11767908839339616E-007
  -4.6200000000000001       2.26466311536346107E-007
  -4.5850000000000000       2.42184250247775428E-007
  -4.5499999999999998       2.58992461130230679E-007
  -4.5150000000000006       2.76966582771588213E-007
  -4.4800000000000004       2.96187495604547981E-007
  -4.4450000000000003       3.16741684725402758E-007
  -4.4100000000000001       3.38721627718553220E-007
  -4.3750000000000000       3.62226209194339793E-007
  -4.3399999999999999       3.87361163861571294E-007
  -4.3049999999999997       4.14239550077057225E-007
  -4.2699999999999996       4.42982255942862113E-007
  -4.2349999999999994       4.73718540158264116E-007
  -4.2000000000000002       5.06586609977881928E-007
  -4.1650000000000000       5.41734238780502574E-007
  -4.1299999999999999       5.79319425915150127E-007
  -4.0950000000000006       6.19511101662221783E-007
  -4.0600000000000005       6.62489880328406254E-007
  -4.0250000000000004       7.08448864684865078E-007
  -3.9900000000000002       7.57594505159055985E-007
  -3.9550000000000001       8.10147517401782645E-007
  -3.9199999999999999       8.66343862072688180E-007
  -3.8849999999999998       9.26435790919490955E-007
  -3.8500000000000001       9.90692963468693704E-007
  -3.8149999999999999       1.05940363889805762E-006
  -3.7799999999999998       1.13287594792340660E-006
  -3.7450000000000001       1.21143924980369951E-006
  -3.7100000000000000       1.29544557984792421E-006
  -3.6749999999999998       1.38527119309401822E-006
  -3.6400000000000001       1.48131821012221277E-006
  -3.6050000000000000       1.58401637126090477E-006
  -3.5699999999999998       1.69382490573990595E-006
  -3.5350000000000001       1.81123452264059280E-006
  -3.5000000000000000       1.93676953078120201E-006
  -3.4649999999999999       2.07099009495360707E-006
  -3.4300000000000002       2.21449463618960510E-006
  -3.3950000000000000       2.36792238397316611E-006
  -3.3599999999999999       2.53195608852184219E-006
  -3.3250000000000002       2.70732490142575170E-006
  -3.2900000000000000       2.89480743304423754E-006
  -3.2549999999999999       3.09523499510445824E-006
  -3.2200000000000002       3.30949503690603348E-006
  -3.1850000000000001       3.53853478339174316E-006
  -3.1499999999999999       3.78336508307298219E-006
  -3.1150000000000002       4.04506447337298568E-006
  -3.0800000000000001       4.32478347033885642E-006
  -3.0449999999999999       4.62374908883798882E-006
  -3.0099999999999998       4.94326959825219962E-006
  -2.9749999999999996       5.28473951726342436E-006
  -2.9400000000000004       5.64964484952984159E-006
  -2.9050000000000002       6.03956855981331737E-006
  -2.8700000000000001       6.45619628736033024E-006
  -2.8350000000000000       6.90132228996975549E-006
  -2.7999999999999998       7.37685560809954877E-006
  -2.7649999999999997       7.88482643345364114E-006
  -2.7300000000000004       8.42739266061706015E-006
  -2.6950000000000003       9.00684659332061704E-006
  -2.6600000000000001       9.62562176864607267E-006
  -2.6250000000000000       1.02862998527374252E-005
  -2.5899999999999999       1.09916175501500149E-005
  -2.5549999999999997       1.17444734556095816E-005
  -2.5199999999999996       1.25479347614067155E-005
  -2.4850000000000003       1.34052437156330659E-005
  -2.4500000000000002       1.43198237056651043E-005
  -2.4150000000000000       1.52952848173895507E-005
  -2.3799999999999999       1.63354286932942780E-005
  -2.3449999999999998       1.74442524813615161E-005
  -2.3099999999999996       1.86259516313357160E-005
  -2.2750000000000004       1.98849212550463002E-005
  -2.2400000000000002       2.12257557227231572E-005
  -2.2050000000000001       2.26532461173772461E-005
  -2.1699999999999999       2.41723751141374296E-005
  -2.1349999999999998       2.57883087908617882E-005
  -2.0999999999999996       2.75063848104657872E-005
  -2.0650000000000004       2.93320963445413940E-005
  -2.0300000000000002       3.12710710325839211E-005
  -1.9950000000000001       3.33290441924756123E-005
  -1.9600000000000000       3.55118254172498150E-005
  -1.9249999999999998       3.78252576126136256E-005
  -1.8899999999999997       4.02751674519876023E-005
  -1.8550000000000004       4.28673061545172665E-005
  -1.8200000000000003       4.56072794311964896E-005
  -1.7850000000000001       4.85004654006079104E-005
  -1.7500000000000000       5.15519192557651920E-005
  -1.7149999999999999       5.47662634754043532E-005
  -1.6799999999999997       5.81475624264643802E-005
  -1.6449999999999996       6.16991803104152464E-005
  -1.6100000000000003       6.54236215767358423E-005
  -1.5750000000000002       6.93223531753468894E-005
  -1.5400000000000000       7.33956083597620191E-005
  -1.5049999999999999       7.76421721975246309E-005
  -1.4699999999999998       8.20591495063988059E-005
  -1.4349999999999996       8.66417166236901031E-005
  -1.4000000000000004       9.13828592380753438E-005
  -1.3650000000000002       9.62730994689564053E-005
  -1.3300000000000001       1.01300216460685906E-004
  -1.2949999999999999       1.06448965951634646E-004
  -1.2599999999999998       1.11700805553199047E-004
  -1.2249999999999996       1.17033633790717298E-004
  -1.1900000000000004       1.22421552262125271E-004
  -1.1550000000000002       1.27834661492164982E-004
  -1.1200000000000001       1.33238902118141867E-004
  -1.0850000000000000       1.38595953845172535E-004
  -1.0499999999999998       1.43863205055800480E-004
  -1.0149999999999997       1.48993805951521492E-004
 -0.98000000000000043       1.53936817549778958E-004
 -0.94500000000000028       1.58637467682357623E-004
 -0.91000000000000014       1.63037523287142233E-004
 -0.87500000000000000       1.67075785735164496E-004
 -0.83999999999999986       1.70688712709135283E-004
 -0.80499999999999972       1.73811166313674211E-004
 -0.76999999999999957       1.76377282763259688E-004
 -0.73500000000000032       1.78321454317931233E-004
 -0.70000000000000018       1.79579409313328724E-004
 -0.66500000000000004       1.80089371382759889E-004
 -0.62999999999999989       1.79793274530868366E-004
 -0.59499999999999975       1.78638006826154557E-004
 -0.55999999999999961       1.76576652350891308E-004
 -0.52500000000000036       1.73569698867513385E-004
 -0.49000000000000021       1.69586177571217413E-004
 -0.45500000000000007       1.64604701386432926E-004
 -0.41999999999999993       1.58614369558701413E-004
 -0.38499999999999979       1.51615508763324836E-004
 -0.34999999999999964       1.43620224513167291E-004
 -0.31500000000000039       1.34652741168097515E-004
 -0.28000000000000025       1.24749514158151338E-004
 -0.24500000000000011       1.13959103935683110E-004
 -0.20999999999999996       1.02341807457839647E-004
 -0.17499999999999982       8.99690494547887533E-005
 -0.13999999999999968       7.69225421516212107E-005
 -0.10500000000000043       6.32932282857000413E-005
 -7.00000000000002842E-002  4.91800280174771120E-005
 -3.50000000000001421E-002  3.46884155139689528E-005
   0.0000000000000000       1.99288554560306313E-005
  3.50000000000001421E-002  5.01513337298376947E-006
  7.00000000000002842E-002 -9.93738354570629149E-006
  0.10500000000000043      -2.48135167360052197E-005
  0.13999999999999968      -3.95000384521698315E-005
  0.17499999999999982      -5.38873869440620453E-005
  0.20999999999999996      -6.78712969921656028E-005
  0.24500000000000011      -8.13543104732692394E-005
  0.28000000000000025      -9.42471348837805033E-005
  0.31500000000000039      -1.06469821881141106E-004
  0.34999999999999964      -1.17952742815358158E-004
  0.38499999999999979      -1.28637343783414871E-004
  0.41999999999999993      -1.38476668793479534E-004
  0.45500000000000007      -1.47435645992571515E-004
  0.49000000000000021      -1.55491138388703172E-004
  0.52500000000000036      -1.62631766869479345E-004
  0.55999999999999961      -1.68857519359900124E-004
  0.59499999999999975      -1.74179165452365621E-004
  0.62999999999999989      -1.78617500576443633E-004
  0.66500000000000004      -1.82202447577025967E-004
  0.70000000000000018      -1.84972046298378641E-004
  0.73500000000000032      -1.86971363338769278E-004
  0.76999999999999957      -1.88251354512741521E-004
  0.80499999999999972      -1.88867711762464647E-004
  0.83999999999999986      -1.88879724381573610E-004
  0.87500000000000000      -1.88349181593532700E-004
  0.91000000000000014      -1.87339339944410800E-004
  0.94500000000000028      -1.85913974840158717E-004
  0.98000000000000043      -1.84136531109483622E-004
   1.0150000000000006      -1.82069382933230760E-004
   1.0500000000000007      -1.79773209062555124E-004
   1.0850000000000009      -1.77306485135993077E-004
   1.1199999999999992      -1.74725091247624397E-004
   1.1549999999999994      -1.72082029820103089E-004
   1.1899999999999995      -1.69427246358678049E-004
   1.2249999999999996      -1.66807543824744748E-004
   1.2599999999999998      -1.64266580152384997E-004
   1.2949999999999999      -1.61844937791275019E-004
   1.3300000000000001      -1.59580254024945271E-004
   1.3650000000000002      -1.57507401101721479E-004
   1.4000000000000004      -1.55658705837860253E-004
   1.4350000000000005      -1.54064199220087673E-004
   1.4700000000000006      -1.52751887565334395E-004
   1.5050000000000008      -1.51748037915621270E-004
   1.5399999999999991      -1.51077471493947323E-004
   1.5749999999999993      -1.50763860173168065E-004
   1.6099999999999994      -1.50830021976940739E-004
   1.6449999999999996      -1.51298212613881918E-004
   1.6799999999999997      -1.52190410927099929E-004
   1.7149999999999999      -1.53528596913497605E-004
   1.7500000000000000      -1.55335021629569435E-004
   1.7850000000000001      -1.57632468856680474E-004
   1.8200000000000003      -1.60444508856356693E-004
   1.8550000000000004      -1.63795744914504429E-004
   1.8900000000000006      -1.67712053663483145E-004
   1.9250000000000007      -1.72220820393745316E-004
   1.9600000000000009      -1.77351170733293080E-004
   1.9949999999999992      -1.83134200193831698E-004
   2.0299999999999994      -1.89603203166702097E-004
   2.0649999999999995      -1.96793903007895710E-004
   2.0999999999999996      -2.04744684887085633E-004
   2.1349999999999998      -2.13496833096971621E-004
   2.1699999999999999      -2.23094774531671101E-004
   2.2050000000000001      -2.33586330050817171E-004
   2.2400000000000002      -2.45022975453070327E-004
   2.2750000000000004      -2.57460113791835971E-004
   2.3100000000000005      -2.70957360779440070E-004
   2.3450000000000006      -2.85578845045689439E-004
   2.3800000000000008      -3.01393525044077503E-004
   2.4149999999999991      -3.18475524435016168E-004
   2.4499999999999993      -3.36904487821259745E-004
   2.4849999999999994      -3.56765958766832626E-004
   2.5199999999999996      -3.78151782097842562E-004
   2.5549999999999997      -4.01160532562029213E-004
   2.5899999999999999      -4.25897972014177215E-004
   2.6250000000000000      -4.52477537397015354E-004
   2.6600000000000001      -4.81020861902313978E-004
   2.6950000000000003      -5.11658331824996421E-004
   2.7300000000000004      -5.44529681764640487E-004
   2.7650000000000006      -5.79784630984247237E-004
   2.8000000000000007      -6.17583563906151591E-004
   2.8350000000000009      -6.58098257910045181E-004
   2.8699999999999992      -7.01512661798953802E-004
   2.9049999999999994      -7.48023728516434140E-004
   2.9399999999999995      -7.97842305933047337E-004
   2.9749999999999996      -8.51194089773273338E-004
   3.0099999999999998      -9.08320643026463677E-004
   3.0449999999999999      -9.69480486478312381E-004
   3.0800000000000001      -1.03495026531386916E-003
   3.1150000000000002      -1.10502599708066102E-003
   3.1500000000000004      -1.18002440666245350E-003
   3.1850000000000005      -1.26028435430214662E-003
   3.2200000000000006      -1.34616836312792618E-003
   3.2550000000000008      -1.43806425308190566E-003
   3.2899999999999991      -1.53638688862704352E-003
   3.3249999999999993      -1.64158004811821505E-003
   3.3599999999999994      -1.75411842326919447E-003
   3.3949999999999996      -1.87450975773141180E-003
   3.4299999999999997      -2.00329713442526586E-003
   3.4649999999999999      -2.14106142193329569E-003
   3.5000000000000000      -2.28842389097963202E-003
   3.5350000000000001      -2.44604901278503740E-003
   3.5700000000000003      -2.61464745190498685E-003
   3.6050000000000004      -2.79497926703321147E-003
   3.6400000000000006      -2.98785733418895820E-003
   3.6750000000000007      -3.19415100770703347E-003
   3.7100000000000009      -3.41479003552001793E-003
   3.7449999999999992      -3.65076874636669629E-003
   3.7799999999999994      -3.90315052778484380E-003
   3.8149999999999995      -4.17307261505559055E-003
   3.8499999999999996      -4.46175121266651972E-003
   3.8849999999999998      -4.77048697135773817E-003
   3.9199999999999999      -5.10067084541614753E-003
   3.9550000000000001      -5.45379035659520651E-003
   3.9900000000000002      -5.83143629286838033E-003
   4.0250000000000004      -6.23530987218237805E-003
   4.0600000000000005      -6.66723040347006433E-003
   4.0950000000000006      -7.12914347942202563E-003
   4.1300000000000008      -7.62312973791017066E-003
   4.1649999999999991      -8.15141423151736350E-003
   4.1999999999999993      -8.71637644736529896E-003
   4.2349999999999994      -9.32056102236114743E-003
   4.2699999999999996      -9.96668920211487598E-003
   4.3049999999999997      -1.06576710951279477E-002
   4.3399999999999999      -1.13966187774351864E-002
   4.3750000000000000      -1.21868603067111590E-002
   4.4100000000000001      -1.30319547089478259E-002
   4.4450000000000003      -1.39357080051896540E-002
   4.4800000000000004      -1.49021903504958520E-002
   4.5150000000000006      -1.59357543623077358E-002
   4.5500000000000007      -1.70410547207552089E-002
   4.5850000000000009      -1.82230691291639310E-002
   4.6199999999999992      -1.94871207291497442E-002
   4.6549999999999994      -2.08389020712371024E-002
   4.6899999999999995      -2.22845007489427122E-002
   4.7249999999999996      -2.38304268117564104E-002
   4.7599999999999998      -2.54836420804616659E-002
   4.7949999999999999      -2.72515914968044261E-002
   4.8300000000000001      -2.91422366486799103E-002
   4.8650000000000002      -3.11640916218033255E-002
   4.9000000000000004      -3.33262613393067869E-002
   4.9350000000000005      -3.56384825619080331E-002
   4.9700000000000006      -3.81111677332771903E-002
   5.0050000000000008      -4.07554518680400060E-002
   5.0399999999999991      -4.35832426935569492E-002
   5.0749999999999993      -4.66072742712697816E-002
   5.1099999999999994      -4.98411643390756359E-002
   5.1449999999999996      -5.32994756329448760E-002
   5.1799999999999997      -5.69977814639175198E-002
   5.2149999999999999      -6.09527358457755131E-002
   5.2500000000000000      -6.51821484891797892E-002
   5.2850000000000001      -6.97050649999753219E-002
   5.3200000000000003      -7.45418526428017897E-002
   5.3550000000000004      -7.97142920562086410E-002
   5.3900000000000006      -8.52456753322729105E-002
   5.4250000000000007      -9.11609109023784059E-002
   5.4600000000000009      -9.74866357014629176E-002
   5.4949999999999992      -0.10425133511581584     
   5.5299999999999994      -0.11148547125455800     
   5.5649999999999995      -0.11922162012241813     
   5.5999999999999996      -0.12749461831150261     
   5.6349999999999998      -0.13634171987262059     
   5.6699999999999999      -0.14580276407256501     
   5.7050000000000001      -0.15592035479277069     
   5.7400000000000002      -0.16674005237719189     
   5.7750000000000004      -0.17831057879330206     
   5.8100000000000005      -0.19068403703006737     
   5.8450000000000006      -0.20391614572085623     
   5.8800000000000008      -0.21806649004780582     
   5.9149999999999991      -0.23319879005748206     
   5.9499999999999993      -0.24938118759607497     
   5.9849999999999994      -0.26668655315621470     
   6.0199999999999996      -0.28519281401715835     
   6.0549999999999997      -0.30498330515598121     
   6.0899999999999999      -0.32614714450994692     
   6.1250000000000000      -0.34877963427988423     
   6.1600000000000001      -0.37298269008166374     
   6.1950000000000003      -0.39886529987826880     
   6.2300000000000004      -0.42654401475905784     
   6.2650000000000006      -0.45614347377622727     
   6.3000000000000007      -0.48779696520184296     
   6.3350000000000009      -0.52164702673281493     
   6.3699999999999992      -0.55784608734657226     
   6.4049999999999994      -0.59655715369775308     
   6.4399999999999995      -0.63795454414679331     
   6.4749999999999996      -0.68222467372578854     
   6.5099999999999998      -0.72956689357637561     
   6.5449999999999999      -0.78019438863967372     
   6.5800000000000001      -0.83433513764063250     
   6.6150000000000002      -0.89223293968965600     
   6.6500000000000004      -0.95414851212434759     
   6.6850000000000005       -1.0203606645350234     
   6.7200000000000006       -1.0911675542606982     
   6.7550000000000008       -1.1668880290091168     
   6.7899999999999991       -1.2478630626467277     
   6.8249999999999993       -1.3344572906240462     
   6.8599999999999994       -1.4270606519505133     
   6.8949999999999996       -1.5260901451127684     
   6.9299999999999997       -1.6319917058433258     
   6.9649999999999999       -1.7452422151953708     
   7.0000000000000000       -1.8663516469661439     


 # E =   -13.000000000000000     
  -6.9649999999999999        0.0000000000000000     
  -6.9299999999999997       1.00798896418460691E-008
  -6.8949999999999996       2.02019262973925935E-008
  -6.8600000000000003       3.04084331933118237E-008
  -6.8250000000000002       4.07420867439964543E-008
  -6.7900000000000000       5.12460949931508932E-008
  -6.7549999999999999       6.19643782780723598E-008
  -6.7199999999999998       7.29417528719984552E-008
  -6.6849999999999996       8.42241183723444520E-008
  -6.6500000000000004       9.58586496183091920E-008
  -6.6150000000000002       1.07893993940260068E-007
  -6.5800000000000001       1.20380474565591529E-007
  -6.5449999999999999       1.33370301031483622E-007
  -6.5099999999999998       1.46917787484272493E-007
  -6.4749999999999996       1.61079579778107195E-007
  -6.4399999999999995       1.75914892322342229E-007
  -6.4050000000000002       1.91485755667859310E-007
  -6.3700000000000001       2.07857275867391250E-007
  -6.3350000000000000       2.25097906694125499E-007
  -6.2999999999999998       2.43279735856598898E-007
  -6.2649999999999997       2.62478786406381998E-007
  -6.2300000000000004       2.82775334598536148E-007
  -6.1950000000000003       3.04254245533571287E-007
  -6.1600000000000001       3.27005327983927187E-007
  -6.1250000000000000       3.51123709888151835E-007
  -6.0899999999999999       3.76710236082291050E-007
  -6.0549999999999997       4.03871889930896938E-007
  -6.0199999999999996       4.32722240619890791E-007
  -5.9850000000000003       4.63381917980695305E-007
  -5.9500000000000002       4.95979116830028385E-007
  -5.9150000000000000       5.30650132933002245E-007
  -5.8799999999999999       5.67539932829206798E-007
  -5.8449999999999998       6.06802759902830829E-007
  -5.8100000000000005       6.48602779229160046E-007
  -5.7750000000000004       6.93114763891631095E-007
  -5.7400000000000002       7.40524825636674111E-007
  -5.7050000000000001       7.91031192918555449E-007
  -5.6699999999999999       8.44845039584120116E-007
  -5.6349999999999998       9.02191367658515961E-007
  -5.5999999999999996       9.63309947918562055E-007
  -5.5649999999999995       1.02845632218130056E-006
  -5.5300000000000002       1.09790287149245653E-006
  -5.4950000000000001       1.17193995467406886E-006
  -5.4600000000000000       1.25087712198356817E-006
  -5.4249999999999998       1.33504440894927647E-006
  -5.3899999999999997       1.42479371578095068E-006
  -5.3550000000000004       1.52050027810994662E-006
  -5.3200000000000003       1.62256423519330488E-006
  -5.2850000000000001       1.73141230212106070E-006
  -5.2500000000000000       1.84749955299802436E-006
  -5.2149999999999999       1.97131132253188912E-006
  -5.1799999999999997       2.10336523395063825E-006
  -5.1449999999999996       2.24421336169582583E-006
  -5.1100000000000003       2.39444453789645985E-006
  -5.0750000000000002       2.55468681222314309E-006
  -5.0400000000000000       2.72561007535615154E-006
  -5.0049999999999999       2.90792885697676218E-006
  -4.9700000000000006       3.10240530991098417E-006
  -4.9350000000000005       3.30985239282169052E-006
  -4.9000000000000004       3.53113726466192536E-006
  -4.8650000000000002       3.76718490497200502E-006
  -4.8300000000000001       4.01898197502915945E-006
  -4.7949999999999999       4.28758093584440145E-006
  -4.7599999999999998       4.57410444005061019E-006
  -4.7249999999999996       4.87975001584238772E-006
  -4.6899999999999995       5.20579506231598762E-006
  -4.6549999999999994       5.55360217682081889E-006
  -4.6200000000000001       5.92462483627702285E-006
  -4.5850000000000000       6.32041345584095535E-006
  -4.5499999999999998       6.74262184981690779E-006
  -4.5150000000000006       7.19301412132388875E-006
  -4.4800000000000004       7.67347200893595742E-006
  -4.4450000000000003       8.18600272032854775E-006
  -4.4100000000000001       8.73274728488694540E-006
  -4.3750000000000000       9.31598945927185207E-006
  -4.3399999999999999       9.93816522209649085E-006
  -4.3049999999999997       1.06018728961552163E-005
  -4.2699999999999996       1.13098839390608426E-005
  -4.2349999999999994       1.20651544457019895E-005
  -4.2000000000000002       1.28708374086278791E-005
  -4.1650000000000000       1.37302957853111143E-005
  -4.1299999999999999       1.46471164242332087E-005
  -4.0950000000000006       1.56251249048869166E-005
  -4.0600000000000005       1.66684013500968137E-005
  -4.0250000000000004       1.77812972725269017E-005
  -3.9900000000000002       1.89684535208721819E-005
  -3.9550000000000001       2.02348193950192937E-005
  -3.9199999999999999       2.15856730034067447E-005
  -3.8849999999999998       2.30266429399128024E-005
  -3.8500000000000001       2.45637313618408078E-005
  -3.8149999999999999       2.62033385549463690E-005
  -3.7799999999999998       2.79522890759424668E-005
  -3.7450000000000001       2.98178595675069915E-005
  -3.7100000000000000       3.18078083454758308E-005
  -3.6749999999999998       3.39304068625996842E-005
  -3.6400000000000001       3.61944731579328234E-005
  -3.6050000000000000       3.86094074055547021E-005
  -3.5699999999999998       4.11852296808376420E-005
  -3.5350000000000001       4.39326200667885765E-005
  -3.5000000000000000       4.68629612270163648E-005
  -3.4649999999999999       4.99883835754971466E-005
  -3.4300000000000002       5.33218131763937953E-005
  -3.3950000000000000       5.68770225095722746E-005
  -3.3599999999999999       6.06686842389577661E-005
  -3.3250000000000002       6.47124281212621419E-005
  -3.2900000000000000       6.90249011916262557E-005
  -3.2549999999999999       7.36238313600447267E-005
  -3.2200000000000002       7.85280945477093742E-005
  -3.1850000000000001       8.37577854851933592E-005
  -3.1499999999999999       8.93342922841997413E-005
  -3.1150000000000002       9.52803748808302316E-005
  -3.0800000000000001       1.01620247430317560E-004
  -3.0449999999999999       1.08379664710115387E-004
  -3.0099999999999998       1.15586012559245813E-004
  -2.9749999999999996       1.23268402345810070E-004
  -2.9400000000000004       1.31457769410362569E-004
  -2.9050000000000002       1.40186975379035422E-004
  -2.8700000000000001       1.49490914175284606E-004
  -2.8350000000000000       1.59406621481083405E-004
  -2.7999999999999998       1.69973387305233207E-004
  -2.7649999999999997       1.81232871205836885E-004
  -2.7300000000000004       1.93229219583213513E-004
  -2.6950000000000003       2.06009184305616883E-004
  -2.6600000000000001       2.19622241749684309E-004
  -2.6250000000000000       2.34120711126822157E-004
  -2.5899999999999999       2.49559870721565216E-004
  -2.5549999999999997       2.65998070383738751E-004
  -2.5199999999999996       2.83496838287995928E-004
  -2.4850000000000003       3.02120979596587076E-004
  -2.4500000000000002       3.21938664228253041E-004
  -2.4150000000000000       3.43021500441836457E-004
  -2.3799999999999999       3.65444590381275042E-004
  -2.3449999999999998       3.89286563092735172E-004
  -2.3099999999999996       4.14629579808566248E-004
  -2.2750000000000004       4.41559305490764472E-004
  -2.2400000000000002       4.70164839733803021E-004
  -2.2050000000000001       5.00538599139415731E-004
  -2.1699999999999999       5.32776142192568697E-004
  -2.1349999999999998       5.66975926489530981E-004
  -2.0999999999999996       6.03238986900503241E-004
  -2.0650000000000004       6.41668521900467799E-004
  -2.0300000000000002       6.82369373888927900E-004
  -1.9950000000000001       7.25447387866216733E-004
  -1.9600000000000000       7.71008631375261970E-004
  -1.9249999999999998       8.19158457199466931E-004
  -1.8899999999999997       8.70000388990661844E-004
  -1.8550000000000004       9.23634808863937201E-004
  -1.8200000000000003       9.80157425136332335E-004
  -1.7850000000000001       1.03965749792360907E-003
  -1.7500000000000000       1.10221580038760681E-003
  -1.7149999999999999       1.16790229421522744E-003
  -1.6799999999999997       1.23677349960378525E-003
  -1.6449999999999996       1.30886954284509401E-003
  -1.6100000000000003       1.38421086878131043E-003
  -1.5750000000000002       1.46279461120163326E-003
  -1.5400000000000000       1.54459062191583522E-003
  -1.5049999999999999       1.62953716902158375E-003
  -1.4699999999999998       1.71753632698905582E-003
  -1.4349999999999996       1.80844909577280934E-003
  -1.4000000000000004       1.90209030329419222E-003
  -1.3650000000000002       1.99822336526245953E-003
  -1.3300000000000001       2.09655499820394532E-003
  -1.2949999999999999       2.19673000533265926E-003
  -1.2599999999999998       2.29832627987584456E-003
  -1.2249999999999996       2.40085019575708887E-003
  -1.1900000000000004       2.50373257995566059E-003
  -1.1550000000000002       2.60632548295275813E-003
  -1.1200000000000001       2.70789998175328473E-003
  -1.0850000000000000       2.80764526216742676E-003
  -1.0499999999999998       2.90466923139664612E-003
  -1.0149999999999997       2.99800090658159692E-003
 -0.98000000000000043       3.08659480811792611E-003
 -0.94500000000000028       3.16933755688040067E-003
 -0.91000000000000014       3.24505683121217511E-003
 -0.87500000000000000       3.31253278253992650E-003
 -0.83999999999999986       3.37051193851437263E-003
 -0.80499999999999972       3.41772354131698224E-003
 -0.76999999999999957       3.45289817881453808E-003
 -0.73500000000000032       3.47478847103852061E-003
 -0.70000000000000018       3.48219147817440755E-003
 -0.66500000000000004       3.47397240349856147E-003
 -0.62999999999999989       3.44908908031422469E-003
 -0.59499999999999975       3.40661666059362874E-003
 -0.55999999999999961       3.34577186895041205E-003
 -0.52500000000000036       3.26593615220977223E-003
 -0.49000000000000021       3.16667704468364146E-003
 -0.45500000000000007       3.04776708361186770E-003
 -0.41999999999999993       2.90919964819268085E-003
 -0.38499999999999979       2.75120115809208629E-003
 -0.34999999999999964       2.57423915109469218E-003
 -0.31500000000000039       2.37902586152084978E-003
 -0.28000000000000025       2.16651703736879791E-003
 -0.24500000000000011       1.93790586056691891E-003
 -0.20999999999999996       1.69461196673971644E-003
 -0.17499999999999982       1.43826569399927275E-003
 -0.13999999999999968       1.17068782015361961E-003
 -0.10500000000000043       8.93865170386478236E-004
 -7.00000000000002842E-002  6.09922589353567080E-004
 -3.50000000000001421E-002  3.21091869698689550E-004
   0.0000000000000000       2.96783106820345552E-005
  3.50000000000001421E-002 -2.61974356073955256E-004
  7.00000000000002842E-002 -5.51519893269226806E-004
  0.10500000000000043      -8.36645533999243272E-004
  0.13999999999999968      -1.11510720294733445E-003
  0.17499999999999982      -1.38476319859470081E-003
  0.20999999999999996      -1.64360559346650903E-003
  0.24500000000000011      -1.88978867057740642E-003
  0.28000000000000025      -2.12165379398016182E-003
  0.31500000000000039      -2.33775020770690244E-003
  0.34999999999999964      -2.53685136793994643E-003
  0.38499999999999979      -2.71796653494384491E-003
  0.41999999999999993      -2.88034748061277972E-003
  0.45500000000000007      -3.02349030047492249E-003
  0.49000000000000021      -3.14713245134065752E-003
  0.52500000000000036      -3.25124526297746385E-003
  0.55999999999999961      -3.33602228971778504E-003
  0.59499999999999975      -3.40186397143788215E-003
  0.62999999999999989      -3.44935915900910443E-003
  0.66500000000000004      -3.47926412392683291E-003
  0.70000000000000018      -3.49247971308185110E-003
  0.73500000000000032      -3.49002732635380047E-003
  0.76999999999999957      -3.47302438687259896E-003
  0.80499999999999972      -3.44265994263225853E-003
  0.83999999999999986      -3.40017098603554455E-003
  0.87500000000000000      -3.34682000828830572E-003
  0.91000000000000014      -3.28387422251433464E-003
  0.94500000000000028      -3.21258679767213789E-003
  0.98000000000000043      -3.13418034963007389E-003
   1.0150000000000006      -3.04983284073862817E-003
   1.0500000000000007      -2.96066594911718320E-003
   1.0850000000000009      -2.86773588714898898E-003
   1.1199999999999992      -2.77202657800686017E-003
   1.1549999999999994      -2.67444504114513386E-003
   1.1899999999999995      -2.57581879340306559E-003
   1.2249999999999996      -2.47689504163896030E-003
   1.2599999999999998      -2.37834142490426365E-003
   1.2949999999999999      -2.28074805776956515E-003
   1.3300000000000001      -2.18463062984891902E-003
   1.3650000000000002      -2.09043432794829608E-003
   1.4000000000000004      -1.99853836465024729E-003
   1.4350000000000005      -1.90926091867762277E-003
   1.4700000000000006      -1.82286431636277191E-003
   1.5050000000000008      -1.73956030852631845E-003
   1.5399999999999991      -1.65951532184783991E-003
   1.5749999999999993      -1.58285558746810062E-003
   1.6099999999999994      -1.50967207143683376E-003
   1.6449999999999996      -1.44002515128268662E-003
   1.6799999999999997      -1.37394900020294244E-003
   1.7149999999999999      -1.31145565508159010E-003
   1.7500000000000000      -1.25253875680068102E-003
   1.7850000000000001      -1.19717696125642981E-003
   1.8200000000000003      -1.14533702733184790E-003
   1.8550000000000004      -1.09697659404914293E-003
   1.8900000000000006      -1.05204666347852500E-003
   1.9250000000000007      -1.01049380896478937E-003
   1.9600000000000009      -9.72262130086147688E-004
   1.9949999999999992      -9.37294976699037919E-004
   2.0299999999999994      -9.05536464642602793E-004
   2.0649999999999995      -8.76932805346673544E-004
   2.0999999999999996      -8.51433470852000040E-004
   2.1349999999999998      -8.28992214731830591E-004
   2.1699999999999999      -8.09567968198594183E-004
   2.2050000000000001      -7.93125629367617260E-004
   2.2400000000000002      -7.79636762293704723E-004
   2.2750000000000004      -7.69080221043633486E-004
   2.3100000000000005      -7.61442712753561228E-004
   2.3450000000000006      -7.56719312370394840E-004
   2.3800000000000008      -7.54913940607564019E-004
   2.4149999999999991      -7.56039815569234668E-004
   2.4499999999999993      -7.60119887518611735E-004
   2.4849999999999994      -7.67187265387684930E-004
   2.5199999999999996      -7.77285642846810895E-004
   2.5549999999999997      -7.90469731070154416E-004
   2.5899999999999999      -8.06805704743154633E-004
   2.6250000000000000      -8.26371667355880958E-004
   2.6600000000000001      -8.49258141406014047E-004
   2.6950000000000003      -8.75568588791667945E-004
   2.7300000000000004      -9.05419966401867032E-004
   2.7650000000000006      -9.38943321705917357E-004
   2.8000000000000007      -9.76284432997220116E-004
   2.8350000000000009      -1.01760449885769373E-003
   2.8699999999999992      -1.06308088137179336E-003
   2.9049999999999994      -1.11290790763047794E-003
   2.9399999999999995      -1.16729773412217329E-003
   2.9749999999999996      -1.22648127870711096E-003
   3.0099999999999998      -1.29070922501106329E-003
   3.0449999999999999      -1.36025310425262722E-003
   3.0800000000000001      -1.43540645973335964E-003
   3.1150000000000002      -1.51648609947118980E-003
   3.1500000000000004      -1.60383344274392836E-003
   3.1850000000000005      -1.69781596663101143E-003
   3.2200000000000006      -1.79882875899782654E-003
   3.2550000000000008      -1.90729618475836481E-003
   3.2899999999999991      -2.02367367267908532E-003
   3.3249999999999993      -2.14844963045062592E-003
   3.3599999999999994      -2.28214749625548288E-003
   3.3949999999999996      -2.42532793560035383E-003
   3.4299999999999997      -2.57859119276320110E-003
   3.4649999999999999      -2.74257960682903730E-003
   3.5000000000000000      -2.91798030295719853E-003
   3.5350000000000001      -3.10552807023875815E-003
   3.5700000000000003      -3.30600843826841812E-003
   3.6050000000000004      -3.52026096537358911E-003
   3.6400000000000006      -3.74918275231757000E-003
   3.6750000000000007      -3.99373219622718972E-003
   3.7100000000000009      -4.25493300049169677E-003
   3.7449999999999992      -4.53387845744303384E-003
   3.7799999999999994      -4.83173602176224012E-003
   3.8149999999999995      -5.14975219376719723E-003
   3.8499999999999996      -5.48925773302816854E-003
   3.8849999999999998      -5.85167322413498742E-003
   3.9199999999999999      -6.23851501790886193E-003
   3.9550000000000001      -6.65140157291880044E-003
   3.9900000000000002      -7.09206022383397812E-003
   4.0250000000000004      -7.56233440492597338E-003
   4.0600000000000005      -8.06419135893612915E-003
   4.0950000000000006      -8.59973036355113872E-003
   4.1300000000000008      -9.17119150989291650E-003
   4.1649999999999991      -9.78096506973574406E-003
   4.1999999999999993      -1.04316014906243454E-002
   4.2349999999999994      -1.11258220606911193E-002
   4.2699999999999996      -1.18665302877701863E-002
   4.3049999999999997      -1.26568240403920097E-002
   4.3399999999999999      -1.35000085014273779E-002
   4.3750000000000000      -1.43996099885470349E-002
   4.4100000000000001      -1.53593906992872224E-002
   4.4450000000000003      -1.63833644423770908E-002
   4.4800000000000004      -1.74758134211074959E-002
   4.5150000000000006      -1.86413061389193342E-002
   4.5500000000000007      -1.98847165020816230E-002
   4.5850000000000009      -2.12112441993348375E-002
   4.6199999999999992      -2.26264364437140618E-002
   4.6549999999999994      -2.41362111674622015E-002
   4.6899999999999995      -2.57468817670190378E-002
   4.7249999999999996      -2.74651835015532648E-002
   4.7599999999999998      -2.92983016554183608E-002
   4.7949999999999999      -3.12539015822886831E-002
   4.8300000000000001      -3.33401607565999361E-002
   4.8650000000000002      -3.55658029663111497E-002
   4.9000000000000004      -3.79401347899589250E-002
   4.9350000000000005      -4.04730845105257947E-002
   4.9700000000000006      -4.31752436288336677E-002
   5.0050000000000008      -4.60579111500427005E-002
   5.0399999999999991      -4.91331408284308921E-002
   5.0749999999999993      -5.24137915679994751E-002
   5.1099999999999994      -5.59135811896442000E-002
   5.1449999999999996      -5.96471437897096099E-002
   5.1799999999999997      -6.36300909297596723E-002
   5.2149999999999999      -6.78790769134178934E-002
   5.2500000000000000      -7.24118684232190057E-002
   5.2850000000000001      -7.72474188086450242E-002
   5.3200000000000003      -8.24059473359664979E-002
   5.3550000000000004      -8.79090237312561418E-002
   5.3900000000000006      -9.37796583700750419E-002
   5.4250000000000007      -0.10004239849094149     
   5.4600000000000009      -0.10672343083487990     
   5.4949999999999992      -0.11385069114021679     
   5.5299999999999994      -0.12145398095045437     
   5.5649999999999995      -0.12956509222363066     
   5.5999999999999996      -0.13821794026419543     
   5.6349999999999998      -0.14744870553322972     
   5.6699999999999999      -0.15729598492996064     
   5.7050000000000001      -0.16780095317712440     
   5.7400000000000002      -0.17900753498497834     
   5.7750000000000004      -0.19096258871383182     
   5.8100000000000005      -0.20371610230304335     
   5.8450000000000006      -0.21732140228572280     
   5.8800000000000008      -0.23183537676309118     
   5.9149999999999991      -0.24731871327082100     
   5.9499999999999993      -0.26383615253194792     
   5.9849999999999994      -0.28145675915737012     
   6.0199999999999996      -0.30025421042581640     
   6.0549999999999997      -0.32030710435075771     
   6.0899999999999999      -0.34169928832238261     
   6.1250000000000000      -0.36452020969878773     
   6.1600000000000001      -0.38886528981230950     
   6.1950000000000003      -0.41483632295482997     
   6.2300000000000004      -0.44254190201033466     
   6.2650000000000006      -0.47209787251441854     
   6.3000000000000007      -0.50362781703929982     
   6.3350000000000009      -0.53726357192970098     
   6.3699999999999992      -0.57314577855022364     
   6.4049999999999994      -0.61142447134914812     
   6.4399999999999995      -0.65225970519753007     
   6.4749999999999996      -0.69582222462668453     
   6.5099999999999998      -0.74229417776234241     
   6.5449999999999999      -0.79186987794065067     
   6.5800000000000001      -0.84475661619056164     
   6.6150000000000002      -0.90117552797984324     
   6.6500000000000004      -0.96136251784883642     
   6.6850000000000005       -1.0255692457981289     
   6.7200000000000006       -1.0940641795545289     
   6.7550000000000008       -1.1671337171151790     
   6.7899999999999991       -1.2450833842635016     
   6.8249999999999993       -1.3282391120641501     
   6.8599999999999994       -1.4169485996785569     
   6.8949999999999996       -1.5115827681994147     
   6.9299999999999997       -1.6125373115830126     
   6.9649999999999999       -1.7202343511643381     
   7.0000000000000000       -1.8351242006729684     


