 # i,res1,sigma1,err1,res2,sigma2,err2
         200   15.482974975147290       0.31471222372772606       2.01646592450384077E-002   183.98950634740189        20.939404162106118        16.801387180769382     
         400   15.402829579739951       0.21834045044159175       0.10031005465237719        186.65725760092258        14.542100556018333        19.469138434290073     
         600   15.435775434114317       0.18985746182890909       6.73642002780105997E-002   150.15583377657242        10.911255178157367        17.032285390060082     
         800   15.445690038254146       0.16302134743321883       5.74495961381824571E-002   147.66551889568566        9.2786065037854577        19.522600270946839     
        1000   15.337214411655278       0.14137167031388179       0.16592522273704979        166.65173457042468        9.2979822320137693       0.53638459620782442     
        1200   15.565331382701567       0.12784216341500221       6.21917483092389034E-002   168.11907119237529        8.1965745323938197       0.93095202574278346     
        1400   15.619036828538686       0.11442530825891545       0.11589719414635802        170.85358667747786        7.7308591515222247        3.6654675108453603     
        1600   15.311237042270452       0.11299620121317971       0.19190259212187577        163.50993550359851        6.9496637298310580        3.6781836630339910     
        1800   15.543415780753810       0.10565851398333190       4.02761463614815796E-002   166.29755049580470        6.5512944141671117       0.89056867082780400     
        2000   15.614253203797031       9.33885465214114863E-002  0.11111356940470252        169.04148587941660        6.4141913856877704        1.8533667127840943     
        2200   15.417912065832702       9.52795338881616688E-002  8.52275685596257659E-002   168.16095385783751        6.0798567768769640       0.97283469120500854     
        2400   15.419480760034894       9.15101237212093827E-002  8.36588743574342431E-002   165.41193371341541        5.7400993168654235        1.7761854532170958     
        2600   15.548030419032214       8.48806773426616923E-002  4.48907846398860499E-002   165.78835122474734        5.5950393182899196        1.3997679418851590     
        2800   15.483291176262973       8.29860887227830968E-002  1.98484581293545403E-002   169.99715634630965        5.4900271635634734        2.8090371796771478     
        3000   15.513202738045495       8.00950411748168473E-002  1.00631036531666496E-002   160.92759195660193        5.1195576879790075        6.2605272100305740     
        3200   15.506048636911700       7.79410806117956378E-002  2.90900251937209475E-003   166.11748904595501        5.0178899519513056        1.0706301206774924     
        3400   15.431676529758615       7.50946079405885453E-002  7.14631046337128595E-002   164.13196951935433        4.8836853519473511        3.0561496472781755     
        3600   15.555084057520494       7.38080486467843633E-002  5.19444231281660507E-002   164.34073881736214        4.7064476959092234        2.8473803492703667     
        3800   15.411310755525818       7.23294042210692739E-002  9.18288788665098110E-002   168.04837954165876        4.6717765047369610       0.86026037502625741     
        4000   15.526168304000210       6.83883599462497827E-002  2.30286696078820796E-002   167.53105965349428        4.4869268379490128       0.34294048686177803     
        4200   15.552951880978625       6.74131239707912444E-002  4.98122465862973485E-002   160.50799505754119        4.3306788551598725        6.6801241090913095     
        4400   15.548643724178090       6.55254688492147019E-002  4.55040897857621474E-002   168.07312359985943        4.3195241760738599       0.88500443322692490     
        4600   15.483754419128015       6.50922827027176909E-002  1.93852152643128051E-002   160.63626809983967        4.1579088416596193        6.5518510667928354     
        4800   15.553628907813781       6.40334098486843722E-002  5.04892734214532624E-002   162.07913853753919        4.0745307940672024        5.1089806290933097     
        5000   15.537321782955329       6.08385176924566493E-002  3.41821485630013910E-002   166.15959380779952        4.0224218806640186        1.0285253588329795     
        5200   15.450206430911424       6.17706528633079205E-002  5.29332034809044671E-002   169.19172313874347        3.9788186132042678        2.0036039721109660     
        5400   15.474914477126497       6.03287943487335263E-002  2.82251572658314132E-002   169.88363001960570        3.8704530683106695        2.6955108529732001     
        5600   15.437594090284014       5.86748749273416706E-002  6.55455441083141466E-002   169.90006188724089        3.8525344586695933        2.7119427206083913     
        5800   15.520816075397221       5.82500764766739967E-002  1.76764410048928511E-002   163.33059433925359        3.7389097241275122        3.8575248273789100     
        6000   15.547263816885790       5.60386000445349738E-002  4.41241824934621718E-002   167.47101505824892        3.6974979461462762       0.28289589161641970     
        6200   15.424373290518000       5.69268403595845282E-002  7.87663438743280153E-002   170.21125933448141        3.6245853791021347        3.0231401678489078     
        6400   15.537845247584050       5.45234329784456406E-002  3.47056131917220512E-002   165.05713527270163        3.5702201757284535        2.1309838939308747     
        6600   15.556616803074185       5.45029023478775590E-002  5.34771686818569236E-002   170.97848505862197        3.5407500341708928        3.7903658919894667     
        6800   15.530372859022565       5.31782743990628706E-002  2.72332246302369185E-002   173.84175378876773        3.5073187519711615        6.6536346221352289     
        7000   15.569972139383781       5.21831105019088387E-002  6.68325049914528790E-002   164.94184304444821        3.4011543371301625        2.2462761221842982     
        7200   15.408536738649426       5.25363609217078878E-002  9.46028957429021489E-002   166.29159622718782        3.3658576163296439       0.89652293944467942     
        7400   15.541064604571250       5.03744373582322783E-002  3.79249701789223792E-002   168.52387801162416        3.3253513401501436        1.3357588449916591     
        7600   15.510254399953240       5.04155420614582558E-002  7.11476556091206191E-003   170.71524056049438        3.3436713993284570        3.5271213938618757     
        7800   15.456116086238755       5.00953201772325052E-002  4.70235481535734579E-002   170.15885683710565        3.2505116775214264        2.9707376704731416     
        8000   15.469792947087955       4.94556072072464339E-002  3.33466873043732903E-002   165.53242632116147        3.1701542426583220        1.6556928454710373     
        8200   15.504875783736701       4.86938537600092036E-002  1.73614934437260615E-003   162.76883883168725        3.1282561410129066        4.4192803349452561     
        8400   15.403104507195657       4.91396621573688061E-002  0.10003512719667107        174.37936093480405        3.1797040282220470        7.1912417681715510     
        8600   15.547420848960249       4.76210319180118483E-002  4.42812145679205571E-002   168.68477849828611        3.0751792074470812        1.4966593316536034     
        8800   15.411860102134705       4.76494754289458478E-002  9.12795322576229751E-002   163.07694401279196        3.0285934174648736        4.1111751538405485     
        9000   15.533340429230764       4.59411123079962180E-002  3.02007948384357405E-002   167.12507755179018        2.9965301674390301       6.30416148423194045E-002
        9200   15.547954004080491       4.61179417635946345E-002  4.48143696881633247E-002   163.11119708943224        2.9573686988258285        4.0769220772002654     
        9400   15.526846603100164       4.53362480373802751E-002  2.37069687078363955E-002   164.31496741794240        2.9364912521170314        2.8731517486901055     
        9600   15.471966193353406       4.52074595903879939E-002  3.11734410389217231E-002   168.01762997700231        2.9153490582672865       0.82951081036981122     
        9800   15.496654639112343       4.49548381382132503E-002  6.48499527998502856E-003   171.22399123889068        2.9136048291940186        4.0358720722581722     
       10000   15.527276129705315       4.38841603273810235E-002  2.41364953129874493E-002   166.31598399162161        2.8478594920924700       0.87213517501089655     
       10200   15.506830967043843       4.36282135643568658E-002  3.69133265151511125E-003   170.74363493568697        2.8531393969363088        3.5555157690544661     
       10400   15.484765802584059       4.34198757420234671E-002  1.83738318082689034E-002   168.95304580885488        2.8407297205741595        1.7649266422223775     
       10600   15.528346234134240       4.25665902548564151E-002  2.52065997419119725E-002   169.14088267536738        2.7769147688936133        1.9527635087348756     
       10800   15.536021951997945       4.19945560165822240E-002  3.28823176056172173E-002   164.78206271857627        2.7291073857418233        2.4060564480562334     
       11000   15.519792019324784       4.20154073926913771E-002  1.66523849324562434E-002   162.68101315114293        2.6882307848200093        4.5071060154895690     
       11200   15.538236230156830       4.15213044891556832E-002  3.50965957645019699E-002   164.73189108815322        2.6730443042269902        2.4562280784792847     
       11400   15.456704709318146       4.15442130453517744E-002  4.64349250741822317E-002   164.01673393307669        2.6624961328209591        3.1713852335558101     
       11600   15.515548219885412       4.07851824004769603E-002  1.24085854930839901E-002   162.69578145120786        2.6328021312742846        4.4923377154246396     
       11800   15.516197850474963       4.04431145704610903E-002  1.30582160826353544E-002   171.33795653425594        2.6545894671712564        4.1498373676234337     
       12000   15.483465150955000       4.02770607662657695E-002  1.96744834373276944E-002   165.31221435864526        2.5961896365912618        1.8759048079872400     


 # i,res3,sigma3
         500  0.72096470188956741       2.77209327544250851E-002
        1000  0.70639923439036767       1.83704072667583672E-002
        1500  0.71043333685979981       1.48879174292573455E-002
        2000  0.72519033686548762       1.34663978124328065E-002
        2500  0.72327728846088546       1.18239597812811320E-002
        3000  0.72740234870577991       1.09690523308113488E-002
        3500  0.73295477374509976       1.03017947264906606E-002
        4000  0.73088131467737250       9.62434414754893310E-003
        4500  0.73487631841900514       9.13666172384240173E-003
        5000  0.73525079541922334       8.61708711967181309E-003
        5500  0.73516337093566297       8.16099170272053566E-003
        6000  0.73545101490610598       8.06991695503525737E-003
        6500  0.73603958912023004       7.91600205830554279E-003
        7000  0.74007883035377431       7.80970962905242014E-003
        7500  0.74060287035117545       7.55896544661267822E-003
        8000  0.73943270683949991       7.27651897752012826E-003
        8500  0.74039041773627645       7.03051805682181150E-003
        9000  0.73938772440302158       6.78495823220913886E-003
        9500  0.74158411598282337       6.73013625569033897E-003
       10000  0.74091315653168444       6.59730543968720193E-003
       10500  0.73798145418687622       6.39589367719807251E-003
       11000  0.73810441410799132       6.26495216563995646E-003
       11500  0.73625450036131956       6.09523135163249786E-003
       12000  0.73772362140191805       5.96994974753491808E-003
       12500  0.73707708624154122       5.85128506604892882E-003
       13000  0.73524993401937844       5.70631302325318602E-003
       13500  0.73542443537476909       5.58934754810424053E-003
       14000  0.73367970022156426       5.45899026335739182E-003
       14500  0.73152245412528250       5.34611674257249800E-003
       15000  0.73003775782116587       5.21842964628435688E-003
       15500  0.72920989066085262       5.10622720713301004E-003
       16000  0.72959039109498258       5.13983479074155841E-003
       16500  0.72927201930082697       5.04090093569186434E-003
       17000  0.72794587887473328       4.94891944496759096E-003
       17500  0.72683353277511997       4.86865079759174826E-003
       18000  0.72579681891077807       4.78697744406523119E-003
       18500  0.72624513421678150       4.75461315094773476E-003
       19000  0.72601379690909240       4.69489764544892864E-003
       19500  0.72522162487659325       4.63440404753251867E-003
       20000  0.72560496170247291       4.57780532029312525E-003
       20500  0.72574639637276617       4.53314345643057292E-003
       21000  0.72545966035479437       4.46769682658932840E-003
       21500  0.72528915975895203       4.40460207912313478E-003
       22000  0.72571160426955339       4.36397123396179386E-003
       22500  0.72661775999791900       4.31463411709629395E-003
       23000  0.72705304919346248       4.26719196927532931E-003
       23500  0.72690066034772649       4.21741584049848978E-003
       24000  0.72660391658334722       4.16880502799411162E-003
       24500  0.72771127281272008       4.13549858257839832E-003
       25000  0.72838881925433607       4.09546415340136631E-003
       25500  0.72911442738001320       4.05978329502204496E-003
       26000  0.72866881426132246       4.00617048945085472E-003
       26500  0.72812352363282173       3.95904718968925328E-003
       27000  0.72811072131302623       3.92096433073941836E-003
       27500  0.72809745673563186       3.89176717660601841E-003
       28000  0.72804461455898350       3.87100170093315548E-003
       28500  0.72819127195935762       3.83341634137144595E-003
       29000  0.72730675144201529       3.79177348331571082E-003
       29500  0.72708564804100473       3.76262887904593810E-003
       30000  0.72652689623207722       3.72289618071043648E-003
       30500  0.72627799177583674       3.68513578069297899E-003
       31000  0.72723688082380089       3.66919446052690716E-003
       31500  0.72677405416821628       3.63635542633953830E-003
       32000  0.72669444214485934       3.60761553817694983E-003
       32500  0.72678185281271801       3.58348924969842083E-003
       33000  0.72710739259362500       3.55704678405477197E-003
       33500  0.72785503563160958       3.52962848099581516E-003
       34000  0.72710546118939157       3.49631335052724354E-003
       34500  0.72681070153684180       3.46403110070396970E-003
       35000  0.72664645216744406       3.43725360620099254E-003
       35500  0.72662611615125372       3.40675255654103405E-003
       36000  0.72700977649142451       3.38469750457748427E-003
       36500  0.72790219906231746       3.36669531187610031E-003
       37000  0.72760380719501105       3.34096083217901322E-003
       37500  0.72776923207465183       3.31700449047605574E-003
       38000  0.72773951330661313       3.29102653403930915E-003
       38500  0.72734535656910981       3.26191496911912900E-003
       39000  0.72775101290420408       3.24549582402957953E-003
       39500  0.72788859335412648       3.22549641964042788E-003
       40000  0.72747738628564362       3.20234077389847799E-003
       40500  0.72793480432842073       3.18949943618297141E-003
       41000  0.72763791551120671       3.16891574278088412E-003
       41500  0.72690063405931260       3.14204822642162465E-003
       42000  0.72637732818283995       3.11782135770149928E-003
       42500  0.72643325441101225       3.09956089560406000E-003
       43000  0.72663927204988921       3.08318566207404360E-003
       43500  0.72701751672803672       3.07190449314803356E-003
       44000  0.72743835915346033       3.06256175645307042E-003
       44500  0.72714136462207779       3.04005289734018535E-003
       45000  0.72729460020029946       3.02316817976734523E-003
       45500  0.72791540000712918       3.01211154080843844E-003
       46000  0.72778456327895402       2.99145431692436885E-003
       46500  0.72821878813924623       2.97922716884476378E-003
       47000  0.72806331157483739       2.96165844163244138E-003
       47500  0.72795953162222227       2.94443631733691622E-003
       48000  0.72788524824573708       2.92637361400819402E-003
       48500  0.72770840936572878       2.90614362942327254E-003
       49000  0.72745791005474880       2.88961568355319267E-003
       49500  0.72727783511295696       2.87297854482309201E-003
       50000  0.72770628504528012       2.86060443460194871E-003
       50500  0.72832217304742453       2.84936901469380437E-003
       51000  0.72839245457988500       2.83377544108715049E-003
       51500  0.72836324595979729       2.81749385945289678E-003
       52000  0.72831976585904923       2.80465705390364663E-003
       52500  0.72835814311079106       2.79264259994318554E-003
       53000  0.72825822785333438       2.77743801453839969E-003
       53500  0.72825709813014450       2.76266751426843286E-003
       54000  0.72833238092158270       2.74842390231253703E-003
       54500  0.72797087867934618       2.73334263327501938E-003
       55000  0.72861383902085042       2.73990283467664573E-003
       55500  0.72926654477072439       2.73088815224296032E-003
       56000  0.72930570612275902       2.71812288800325850E-003
       56500  0.72902451114019684       2.70290691460134359E-003
       57000  0.72871793976183197       2.68710394827987404E-003
       57500  0.72863410011121332       2.67097344837636478E-003
       58000  0.72875798643612955       2.65932929527449170E-003
       58500  0.72868218856984524       2.64917075646636628E-003
       59000  0.72880661281172887       2.64194237453250699E-003
       59500  0.72909703109037260       2.63754384381789143E-003
       60000  0.72901504443014309       2.62307073093747626E-003
       60500  0.72932442454840296       2.61532366313258933E-003
       61000  0.72949265580568889       2.60655561523937462E-003
       61500  0.72965132679558620       2.59838327334344825E-003
       62000  0.72979305862370125       2.58777365593050417E-003
       62500  0.73005546408428623       2.57867499457601658E-003
       63000  0.73018928732262878       2.57570885147167649E-003
       63500  0.73005642539305204       2.56538007789770383E-003
       64000  0.73008712113545859       2.55711957372472534E-003
       64500  0.73016559133018399       2.54807920176738836E-003
       65000  0.72980962219832224       2.53602855122217561E-003
       65500  0.72962150869824294       2.52523033731694374E-003
       66000  0.72968546813782609       2.51504440135944755E-003
       66500  0.72960584051381128       2.50331164201076728E-003
       67000  0.72956974953268428       2.49330469774559048E-003
       67500  0.72966202871423291       2.49257805382003617E-003
       68000  0.72960969993448443       2.48086901176190191E-003
       68500  0.72945263201764210       2.47057681255765608E-003
       69000  0.72936122557011862       2.45880694224296942E-003
       69500  0.72922643568970569       2.44901678038217906E-003
       70000  0.72929486980209446       2.44022682598234652E-003
       70500  0.72934851868042205       2.43039259547016967E-003
       71000  0.72915192307996057       2.42141254430696881E-003
       71500  0.72907169830695906       2.41169016396535364E-003
       72000  0.72933980921361496       2.40301213034993305E-003
       72500  0.72940024331005815       2.39295989611793556E-003
       73000  0.72942425810519929       2.38604910726233736E-003
       73500  0.72946254284251655       2.37783321471490752E-003
       74000  0.72965643517922307       2.37272094943376472E-003
       74500  0.72964700856572928       2.36419808432192322E-003
       75000  0.72936028927608831       2.35344549725426859E-003
       75500  0.72900243148424715       2.34517343734806649E-003
       76000  0.72901092232450893       2.34000330608483305E-003
       76500  0.72883107057215168       2.33362467957981328E-003
       77000  0.72845714516213211       2.32366103080571852E-003
       77500  0.72853897249469612       2.31519814342310507E-003
       78000  0.72888137282575949       2.35877302121609506E-003
       78500  0.72891316279071772       2.35444064274582766E-003
       79000  0.72874326456332306       2.34448391908733018E-003
       79500  0.72859734134090204       2.33507751971178497E-003
       80000  0.72855649556741131       2.32587570423842000E-003
       80500  0.72852730742917582       2.31722632189799256E-003
       81000  0.72844444426592869       2.31057503547520832E-003
       81500  0.72838338545908854       2.30179795171205374E-003
       82000  0.72867968269010874       2.29653036149670602E-003
       82500  0.72856950215517235       2.28723448559481736E-003
       83000  0.72851818906156296       2.27834619834555102E-003
       83500  0.72822446189694134       2.26957764252344379E-003
       84000  0.72828255362757521       2.26280771249935545E-003
       84500  0.72826890884848139       2.25784778492469024E-003
       85000  0.72865570187419260       2.25294990846346133E-003
       85500  0.72854621909657535       2.24411150905610242E-003
       86000  0.72836414418973427       2.23652872841049446E-003
       86500  0.72829401657688764       2.22920539463868301E-003
       87000  0.72822056698735071       2.22229432549992485E-003
       87500  0.72831614743172346       2.21547225179214227E-003
       88000  0.72820184454422066       2.20833528655575142E-003
       88500  0.72816099175102578       2.20159846198880434E-003
       89000  0.72800410399591453       2.19474583535757967E-003
       89500  0.72787506407766878       2.18730401488310055E-003
       90000  0.72795771867239123       2.18069105876350861E-003
       90500  0.72809009991124884       2.17734669648613497E-003
       91000  0.72813046147555505       2.17074431559738466E-003
       91500  0.72798515226516458       2.16240945190967473E-003
       92000  0.72818429007496688       2.15769464631497196E-003
       92500  0.72842405217720774       2.15101254392138612E-003
       93000  0.72849594909439142       2.14439689288880696E-003
       93500  0.72827762675568020       2.13727049750995135E-003
       94000  0.72811677451575973       2.12915429722308020E-003
       94500  0.72806581913641155       2.12438305456773323E-003
       95000  0.72817028478952217       2.12106477517027235E-003
       95500  0.72853501893944950       2.15336494498200200E-003
       96000  0.72828852854437132       2.14580783897831261E-003
       96500  0.72818664666087562       2.13915004802397871E-003
       97000  0.72828126163616569       2.13188380333734521E-003
       97500  0.72827353851157728       2.12452084617395986E-003
       98000  0.72837128721194333       2.12077744691720974E-003
       98500  0.72827655503036648       2.11424742209091569E-003
       99000  0.72835014597995607       2.10863448297002667E-003
       99500  0.72852153788176999       2.10317671546560170E-003
      100000  0.72832773537257456       2.09622385422163042E-003
      100500  0.72841767087348286       2.09119697066405654E-003
      101000  0.72841424985043457       2.08562581255198991E-003
      101500  0.72865781697936749       2.08391152831891848E-003
      102000  0.72859463017228487       2.07838889731085585E-003
      102500  0.72855455520472168       2.07555247318145369E-003
      103000  0.72874470648464651       2.07377042347983969E-003
      103500  0.72852856658566811       2.06758347586811489E-003
      104000  0.72849807432415004       2.06359642754451542E-003
      104500  0.72836867065786470       2.05749321188520738E-003
      105000  0.72845707961780803       2.05260951263824300E-003
      105500  0.72850054210887716       2.04769425124891064E-003
      106000  0.72863829989588114       2.04210118293147048E-003
      106500  0.72884753967315408       2.03893523192049319E-003
      107000  0.72891416061710523       2.03344668097114704E-003
      107500  0.72888923362234681       2.02748565181494348E-003
      108000  0.72872592085792687       2.02171128960440538E-003
      108500  0.72867893469410350       2.01551142136566870E-003
      109000  0.72878765741968965       2.01124883254240978E-003
      109500  0.72884507086820505       2.00553824702587747E-003
      110000  0.72883435476412073       2.00014086098948031E-003


 # i,res4,sigma4
         500   3.3956866984270282       0.37250595229869399     
        1000   3.5016262442801760       0.29230850726713337     
        1500   3.4622983837445123       0.29953267862546573     
        2000   3.3390691293969672       0.23543543803554259     
        2500   3.3241940509135972       0.21252588562665609     
        3000   3.3626804700351478       0.18916976610084421     
        3500   3.3171721294847369       0.16852721999359033     
        4000   3.2406470530734857       0.15352424260055306     
        4500   3.2273189832388773       0.14895164616642459     
        5000   3.1788788192295714       0.13586836125256488     
        5500   3.1329856132782878       0.12602794395288630     
        6000   3.1840674849058033       0.12715140424375845     
        6500   3.2149262496952180       0.12471212088357300     
        7000   3.2137321222779716       0.12331147964379502     
        7500   3.2633066923523364       0.12467159001247857     
        8000   3.2529173890048479       0.11891135179131342     
        8500   3.2740057892032346       0.12812425548626635     
        9000   3.2166942799333222       0.12153884742710357     
        9500   3.2499338367653126       0.11953073352475101     
       10000   3.2746746086365404       0.11733369443820597     
       10500   3.2675907985082562       0.11270805959674489     
       11000   3.2853018527983666       0.10955411001995410     
       11500   3.2781532124774500       0.10609814155010977     
       12000   3.2534558446183297       0.10200619408769566     
       12500   3.2913268443931303       0.10477814317468119     
       13000   3.2834352236342412       0.10188815998390258     
       13500   3.3337220059393209       0.10659762686744546     
       14000   3.3646859508950260       0.10805645266499775     
       14500   3.3752419466133619       0.10524373531290158     
       15000   3.4464272086042231       0.13252741363062004     
       15500   3.4245213070406972       0.12862762574136929     
       16000   3.4464643133763047       0.13564007848237528     
       16500   3.4259688548711096       0.13187201013936270     
       17000   3.4131064982239767       0.12847222609312081     
       17500   3.4296442384321293       0.12626853196765808     
       18000   3.4917222640102161       0.14581992107141434     
       18500   3.4929980565801055       0.14288559806098794     
       19000   3.4778013544909596       0.13929578232843748     
       19500   3.5021406304417475       0.13716675098638026     
       20000   3.4932919256179091       0.13401174108599492     
       20500   3.5090916565973496       0.13208046834504555     
       21000   3.5034248000791814       0.12931819933209257     
       21500   3.4949504894390135       0.12657274369281865     
       22000   3.5020633711726532       0.12448235256513043     
       22500   3.4952637953142518       0.12209428009689210     
       23000   3.4895941420709113       0.11969900521442732     
       23500   3.4704218638074726       0.11731647212599031     
       24000   3.4732052294625468       0.11528940279135975     
       24500   3.4732223155788611       0.11336359131097525     
       25000   3.4662181584310807       0.11129620780824551     
       25500   3.4666227148016251       0.10987387251720686     
       26000   3.4809570146911391       0.11293957643837717     
       26500   3.6551518273770820       0.19811869521423461     
       27000   3.6433502611158812       0.19453215859335871     
       27500   3.6343124264994313       0.19118090944451957     
       28000   3.6322834114996754       0.18811947513574928     
       28500   3.6240781630676087       0.18502421231500762     
       29000   3.6231796233999733       0.18202519951071403     
       29500   3.6312180429593806       0.17930228687270949     
       30000   3.6214013377019567       0.17638988877565862     
       30500   3.6050187456194922       0.17353053461855275     
       31000   3.5934826158343873       0.17082317115388848     
       31500   3.5892453059301554       0.16831925765705791     
       32000   3.5810446511677276       0.16578532826435552     
       32500   3.5933863348762998       0.16384753436281474     
       33000   3.5961605543069770       0.16215646405200695     
       33500   3.5850247317703925       0.15981628233016196     
       34000   3.5745634881229313       0.15754827761664406     
       34500   3.5866515920702993       0.15630161503766168     
       35000   3.6004909849098006       0.15513507393627443     
       35500   3.5886133427379829       0.15301589399448884     
       36000   3.5868674490035239       0.15108434615522387     
       36500   3.5745223467436107       0.14911006137561164     
       37000   3.5964102228644528       0.14905653973148952     
       37500   3.5949592703416764       0.14726226795058039     
       38000   3.5887599111256323       0.14549347356773384     
       38500   3.5853764871288583       0.14380945116259583     
       39000   3.5764617112282111       0.14201963708910928     
       39500   3.5868186111832170       0.14093365434568941     
       40000   3.5991032190699350       0.14069706108492200     
       40500   3.5972267830466391       0.13910083079781896     
       41000   3.5882119216103674       0.13751505341141504     
       41500   3.5817995587495699       0.13598676526107470     
       42000   3.5877429103495917       0.13454113530304973     
       42500   3.5917231776892531       0.13314957548684381     
       43000   3.6029934985166974       0.13207572342171217     
       43500   3.6118685948786498       0.13110106682858128     
       44000   3.6082321700176756       0.12969576964589694     
       44500   3.5999670501539156       0.12828276225445456     
       45000   3.5988530744633405       0.12699769574406947     
       45500   3.5964162257227397       0.12571626990209347     
       46000   3.5979171311786442       0.12452577523353026     
       46500   3.5928819012748097       0.12324946119256079     
       47000   3.5891305196090273       0.12201674064594864     
       47500   3.6069225344264817       0.12137426532990106     
       48000   3.6004998868297160       0.12016195277019677     
       48500   3.6046587997033646       0.12006080119472300     
       49000   3.5985514981669335       0.11887180351165617     
       49500   3.5949491095017905       0.11775520507072819     
       50000   3.5945369409054879       0.11680989954368703     
       50500   3.6739052838917998       0.14326201780772915     
       51000   3.6760357754452762       0.14215159773191258     
       51500   3.7200255888155493       0.14373346802176726     
       52000   3.7211596624153871       0.14249646299867511     
       52500   3.7136480748744543       0.14117365030520374     
       53000   3.7105553564064646       0.13989397008838089     
       53500   3.6984174159619863       0.13861176192465346     
       54000   3.6922292898758688       0.13736354339539450     
       54500   3.7365591581150035       0.14505455429023215     
       55000   3.7635976299704899       0.14513356016577811     
       55500   3.7592640621372690       0.14387795991205177     
       56000   3.7543330025765038       0.14262470902925364     
       56500   3.7497914102874041       0.14139440021015465     
       57000   3.7391497073823503       0.14017469080373623     
       57500   3.7282471082358239       0.13897502958923144     
       58000   3.7345711003497910       0.13802732120464023     
       58500   3.7367195765663688       0.13701121494391824     
       59000   3.7370192685836399       0.13594381764862362     
       59500   3.7396078238929391       0.13497837715996427     
       60000   3.7492939648920758       0.13476084817058520     
       60500   3.7425413304746651       0.13368286480173999     
       61000   3.7386892561176186       0.13263102874186627     
       61500   3.7320329190420471       0.13159654815502106     
       62000   3.7244998261717046       0.13056773591108278     
       62500   3.7178248015295283       0.12956655079205595     
       63000   3.7231149878955074       0.12884009119119336     
       63500   3.7234230836144908       0.12788714672680804     
       64000   3.7342923502905374       0.12733384633986020     
       64500   3.7333513070105542       0.12640395499858642     
       65000   3.7314549751678814       0.12551961240514270     
       65500   3.7253677044799982       0.12458753740455264     
       66000   3.7177851346459403       0.12366222911185673     
       66500   3.7132722107419176       0.12275598547766493     
       67000   3.7089608166953405       0.12187590614447157     
       67500   3.7358145239756331       0.12309431020553276     
       68000   3.7273218774181194       0.12220217683410181     
       68500   3.7215446359003921       0.12133231820514019     
       69000   3.7175691306163987       0.12050708622625543     
       69500   3.7096746910131331       0.11965553019977460     
       70000   3.7064607506020475       0.11882933984682664     
       70500   3.6994975093393689       0.11799697885731006     
       71000   3.7020962571326086       0.11723311300589327     
       71500   3.6974725376134159       0.11643602041107605     
       72000   3.6928334987925409       0.11565093459755930     
       72500   3.6887595140213638       0.11489803260112347     
       73000   3.6956335296421137       0.11440421654044268     
       73500   3.6948072819382620       0.11367307074091844     
       74000   3.6951064688235706       0.11296483177921601     
       74500   3.6953133443258959       0.11227373679821312     
       75000   3.6884589061702755       0.11153774488122183     
       75500   3.6927646860710293       0.11087762982633967     
       76000   3.6922244810687621       0.11020977082987876     
       76500   3.7015811957066020       0.10971585475813281     
       77000   3.7031591621535132       0.10909550498034182     
       77500   3.6981712407084339       0.10841025012920426     
       78000   3.7691171532534264       0.13311850401992606     
       78500   3.7673675773780473       0.13233541317029124     
       79000   3.7618239985795867       0.13151198403213943     
       79500   3.7547461977441121       0.13069380198894145     
       80000   3.7480398773775594       0.12988609336498985     
       80500   3.7489461180709522       0.12944567079352939     
       81000   3.7452534991819686       0.12867762567175867     
       81500   3.7400848993011331       0.12790307601607762     
       82000   3.7344042045525168       0.12713373339652745     
       82500   3.7313488441711562       0.12638526761149760     
       83000   3.7251006795759736       0.12563901799849972     
       83500   3.7286883464328815       0.12499980316572752     
       84000   3.7272895801586996       0.12430749088133586     
       84500   3.7283907632169186       0.12361595728591103     
       85000   3.7252510115658062       0.12290895016650495     
       85500   3.7212669502200457       0.12220707426436603     
       86000   3.7191810634752587       0.12155308116546104     
       86500   3.7162019016367451       0.12086870867917862     
       87000   3.7139494262604971       0.12019962611330537     
       87500   3.7132395424684850       0.11954412460372962     
       88000   3.7110601268269794       0.11888557668411079     
       88500   3.7097388059931804       0.11823890515165916     
       89000   3.8330224106723887       0.17266965244371227     
       89500   3.8331616264106483       0.17174116448186608     
       90000   3.8290647888986489       0.17079748810556428     
       90500   3.8271693355049901       0.16987438388118170     
       91000   3.8268692972022418       0.16896171028526863     
       91500   3.8192260674402698       0.16804277952747643     
       92000   3.8145431431896060       0.16713802750378348     
       92500   3.8115291217601879       0.16624547919900948     
       93000   3.8092808473040192       0.16539537150179659     
       93500   3.8062352300776179       0.16454073996069418     
       94000   3.8066590358421930       0.16387493609522782     
       94500   3.8078196845204597       0.16306543002144178     
       95000   3.8054895365868529       0.16222199972388013     
       95500   3.8661883894024278       0.17390880021771493     
       96000   3.8684496893753724       0.17303685853321951     
       96500   3.8633282310455126       0.17214521890595244     
       97000   3.8583413947606080       0.17126630497880643     
       97500   3.8515334632951750       0.17039340668017447     
       98000   3.8472721013855771       0.16953863852374879     
       98500   3.8430557558393041       0.16868805580128354     
       99000   3.8380516266737650       0.16784678257409644     
       99500   3.8381585929122140       0.16704606873718980     
      100000   3.8315224722189538       0.16621472595668330     
      100500   3.8280261289434772       0.16539760761410277     
      101000   3.8261503379325115       0.16458915973755650     
      101500   3.8240585844088923       0.16381439805880699     
      102000   3.8234753422538201       0.16304783989878258     
      102500   3.8247655765107593       0.16229993564039283     
      103000   3.8300680325228589       0.16165373919497822     
      103500   3.8302976944505356       0.16090748205095454     
      104000   3.8428923788992715       0.16077223545431987     
      104500   3.8405145759546837       0.16004101155194264     
      105000   3.8414135687995907       0.15934887871198117     
      105500   3.8372813765383449       0.15860546813380261     
      106000   3.8380649472789399       0.15789291224694196     
      106500   3.8339985902221532       0.15716177771924064     
      107000   3.8344763013901622       0.15648888608861697     
      107500   3.8307645776704322       0.15577086450016348     
      108000   3.8272564243580014       0.15505569869832125     
      108500   3.8252125922218569       0.15435178489447371     
      109000   3.8220133497297621       0.15364979629722236     
      109500   3.8187956008922748       0.15295775582624271     
      110000   3.8158626771319830       0.15226996408042212     


 # i,res5,sigma5
         500  0.55924738375585037       4.93586193153914346E-002
        1000  0.59544232407412145       3.62716664967710350E-002
        1500  0.58901113958397688       2.90356611929091200E-002
        2000  0.61884218809363623       2.59939606879876113E-002
        2500  0.62104586594978972       2.32762647613456511E-002
        3000  0.62595615530900584       2.11804313586056760E-002
        3500  0.62432661142564061       1.94515816056842795E-002
        4000  0.62186621686708476       1.80890572458670060E-002
        4500  0.62364059556830220       1.70889542008543505E-002
        5000  0.61887275793186836       1.61416749464493477E-002
        5500  0.60726231335885517       1.51863150488628813E-002
        6000  0.59794692625363821       1.43899325020270530E-002
        6500  0.60564353525703651       1.39478420680582312E-002
        7000  0.60903974250185999       1.34675820691936062E-002
        7500  0.61147622369476440       1.30547063620673996E-002
        8000  0.61087541115808708       1.26455564252010693E-002
        8500  0.60822188129193067       1.22279277921611036E-002
        9000  0.60432558202260567       1.18284668433559920E-002
        9500  0.60044977559316637       1.14619500654968825E-002
       10000  0.59974504457864619       1.11739360666224651E-002
       10500  0.60082786474239791       1.09028096291238965E-002
       11000  0.59851970263768473       1.06417442112012196E-002
       11500  0.59798754815997768       1.04092798521556625E-002
       12000  0.59782681724801812       1.01825377613590992E-002
       12500  0.59905680067845268       1.00060737268375301E-002
       13000  0.59544258728184662       9.76063184709859491E-003
       13500  0.59726818130255133       9.59703697785634600E-003
       14000  0.59725353676559334       9.43902222915169939E-003
       14500  0.59838328377244232       9.27816041098020010E-003
       15000  0.59444819225811751       9.07115575850635236E-003
       15500  0.59317785878740359       8.92725768210443117E-003
       16000  0.59441812199675803       8.79737650615610399E-003
       16500  0.59626671300945755       8.69442366180468197E-003
       17000  0.59585413004975030       8.55539510133783258E-003
       17500  0.59536417006197073       8.42747632961138825E-003
       18000  0.59352996497391730       8.29917117666918031E-003
       18500  0.59297133281302328       8.18405093713716301E-003
       19000  0.59398047272341603       8.08002686637222280E-003
       19500  0.59572894516784181       7.99214930207560632E-003
       20000  0.59630029684265862       7.90900627738397831E-003
       20500  0.59611263516293189       7.80779551477647424E-003
       21000  0.59531916506172544       7.70484793559709624E-003
       21500  0.59674312076470548       7.63321779077088571E-003
       22000  0.59618883916162857       7.53279785326364717E-003
       22500  0.59521858206662182       7.43838949208581318E-003
       23000  0.59455088880571672       7.35392120031748593E-003
       23500  0.59336397957501241       7.26327622766426498E-003
       24000  0.59231655151449703       7.17966587396023665E-003
       24500  0.59423701649062577       7.12519602638599960E-003
       25000  0.59423088282368541       7.05415624664090541E-003
       25500  0.59210545758082289       6.96913591832006452E-003
       26000  0.59066649116829417       6.88309921818707100E-003
       26500  0.59218218699821135       6.82937925044268396E-003
       27000  0.59144263316725454       6.75559860088857482E-003
       27500  0.59207574148846764       6.69849353622919627E-003
       28000  0.59364323857248036       6.65339087729738352E-003
       28500  0.59431084956116209       6.59934315169424367E-003
       29000  0.59437252458549550       6.53816105790784152E-003
       29500  0.59384283821540051       6.48193352974177090E-003
       30000  0.59350471363072788       6.42848997927323272E-003
       30500  0.59272057360304709       6.37003323464215877E-003
       31000  0.59278321812505186       6.32018658166873335E-003
       31500  0.59223879735737706       6.26295235271017228E-003
       32000  0.59282501268357002       6.21049752385657069E-003
       32500  0.59387641674202862       6.17366352206136747E-003
       33000  0.59376277637450636       6.12784905626896723E-003
       33500  0.59495742646831717       6.08578390254249733E-003
       34000  0.59537411871238799       6.04366718078423997E-003
       34500  0.59506793830848737       5.99741423312369175E-003
       35000  0.59453398330323515       5.95411759275535184E-003
       35500  0.59508612107698167       5.91260393089781868E-003
       36000  0.59531586181097129       5.87328517432476188E-003
       36500  0.59537669029150042       5.83081696909232457E-003
       37000  0.59524004942219455       5.78986355230414786E-003
       37500  0.59462649912431365       5.74375094231438770E-003
       38000  0.59321611488658954       5.69605966004124633E-003
       38500  0.59395237077733165       5.66332291076012372E-003
       39000  0.59432405534111377       5.62789965071682722E-003
       39500  0.59543800240299782       5.59472680088961283E-003
       40000  0.59488714067858917       5.55850447523688167E-003
       40500  0.59612860112967725       5.53604360595991336E-003
       41000  0.59750977473122013       5.51418120378616324E-003
       41500  0.59724964169619132       5.48306168777613640E-003
       42000  0.59691757392079980       5.44667348594007027E-003
       42500  0.59543222091916281       5.40372967510113333E-003
       43000  0.59570086596898997       5.37629644026432069E-003
       43500  0.59489922790146110       5.34037598843887552E-003
       44000  0.59491860229707016       5.30671242512103201E-003
       44500  0.59452828520623180       5.27213128272720124E-003
       45000  0.59457374675519115       5.24058733147462520E-003
       45500  0.59518860696006504       5.21701106589551357E-003
       46000  0.59509699770166169       5.18727758437181798E-003
       46500  0.59459909141917100       5.15714393569506862E-003
       47000  0.59435237829222642       5.12843112521239961E-003
       47500  0.59407228318400962       5.10119586416822503E-003
       48000  0.59368389796287924       5.07406689342818681E-003
       48500  0.59434214146168673       5.05184390881933173E-003
       49000  0.59552772099608808       5.03169673287885179E-003
       49500  0.59492446698261536       5.00224504195149935E-003
       50000  0.59498835217917023       4.97550489457371757E-003
       50500  0.59599409819365001       4.95602640764894378E-003
       51000  0.59614720576140401       4.93231258907701493E-003
       51500  0.59624275331574483       4.90795960499895365E-003
       52000  0.59630279899074545       4.88668037177288593E-003
       52500  0.59641126315556325       4.86361133571398558E-003
       53000  0.59586651283290926       4.83736107452589683E-003
       53500  0.59596490641495992       4.81883072569677575E-003
       54000  0.59554826511992820       4.79550078119775867E-003
       54500  0.59574074973659663       4.77932313434849005E-003
       55000  0.59552335026167347       4.75429560681862439E-003
       55500  0.59589621369071144       4.73580352001892226E-003
       56000  0.59565620874341463       4.71311310444691347E-003
       56500  0.59563644274823191       4.68813779035156131E-003
       57000  0.59550252954428251       4.66829076295067948E-003
       57500  0.59460521712567194       4.64418140063375083E-003
       58000  0.59392483841919175       4.62062557247863021E-003
       58500  0.59395825129151980       4.60154123407702058E-003
       59000  0.59451765778462295       4.58563867346020379E-003
       59500  0.59456550122153562       4.56468413565385821E-003
       60000  0.59448733968554879       4.54666649008836875E-003
       60500  0.59531641720624850       4.53270396787280004E-003
       61000  0.59565067319666132       4.51759907944135342E-003
       61500  0.59617609486597556       4.50305272699883657E-003
       62000  0.59635574792476886       4.48477688280656157E-003
       62500  0.59665504127876667       4.46803515407122754E-003
       63000  0.59651672650529497       4.44911251791108714E-003
       63500  0.59617865987934882       4.42994947890362669E-003
       64000  0.59625669821162031       4.41453834221075883E-003
       64500  0.59577510821674184       4.39385378087325373E-003
       65000  0.59600084100344208       4.37717809197114491E-003
       65500  0.59675702429008837       4.36459417457843533E-003
       66000  0.59713504160370545       4.35074077876332604E-003
       66500  0.59685462928299138       4.33268657206489424E-003
       67000  0.59649448818529616       4.31316916471707629E-003
       67500  0.59641550640991381       4.29695602770472241E-003
       68000  0.59700384185653677       4.28500596196414001E-003
       68500  0.59711649829372748       4.27041253826661478E-003
       69000  0.59773600772302604       4.25690574444692431E-003
       69500  0.59770647094213813       4.24068854602020675E-003
       70000  0.59777492208948757       4.22645605372513628E-003
       70500  0.59752819326601325       4.20926254674712855E-003
       71000  0.59692739918708104       4.19025464221026763E-003
       71500  0.59664671029414906       4.17306734749595901E-003
       72000  0.59680332416505766       4.15918021428744906E-003
       72500  0.59683262094106904       4.14477900970612427E-003
       73000  0.59687488692013879       4.12962369972910172E-003
       73500  0.59642142512452201       4.11438605297524251E-003
       74000  0.59610511832056978       4.09775321118713200E-003
       74500  0.59669518271748145       4.08797094328033385E-003
       75000  0.59733574276474455       4.07823561435574633E-003
       75500  0.59717240922632864       4.06510183451510437E-003
       76000  0.59692903353480586       4.04883574959959223E-003
       76500  0.59747878869146953       4.03707809199664591E-003
       77000  0.59760995134052608       4.02530375121520987E-003
       77500  0.59791661679695252       4.01416938142070724E-003
       78000  0.59762970615607625       3.99938422698876798E-003
       78500  0.59803658005961635       3.98891783499551612E-003
       79000  0.59795331277970643       3.97555641279543053E-003
       79500  0.59833421146114429       3.96623822183149975E-003
       80000  0.59767097150237725       3.95073843514668482E-003
       80500  0.59747031146956853       3.93756032086947216E-003
       81000  0.59751669506162486       3.92588852316520451E-003
       81500  0.59834936533710081       3.92071287239060574E-003
       82000  0.59842652051644196       3.90989499873266571E-003
       82500  0.59850066374822186       3.89847319095906969E-003
       83000  0.59850704572059654       3.88579736140741601E-003
       83500  0.59861053884328796       3.87346315098969270E-003
       84000  0.59838950758607379       3.85986196972035222E-003
       84500  0.59849740273620455       3.84824642448589787E-003
       85000  0.59829060903975118       3.83616601573753000E-003
       85500  0.59814087588842879       3.82301368735306953E-003
       86000  0.59778587043983555       3.81068189380856775E-003
       86500  0.59795856353015697       3.80077258425358736E-003
       87000  0.59839180250918622       3.79090422950159687E-003
       87500  0.59867285060427522       3.78125412769258649E-003
       88000  0.59880764355233962       3.77024993640311980E-003
       88500  0.59878436130883073       3.76006635249688656E-003
       89000  0.59889887471996217       3.75080075748231330E-003
       89500  0.59873424017355426       3.73970789518476799E-003
       90000  0.59903633675217305       3.73099381242794105E-003
       90500  0.59902167580659582       3.72030825214628245E-003
       91000  0.59915823946908231       3.71145477846995765E-003
       91500  0.59884136768853191       3.70034468156743568E-003
       92000  0.59875506735454564       3.69066875359570648E-003
       92500  0.59901135477840439       3.68177523044788861E-003
       93000  0.59933763723693456       3.67349854763458295E-003
       93500  0.59938192591854889       3.66437194668081494E-003
       94000  0.59950749858146124       3.65455401712763694E-003
       94500  0.59997109163570428       3.64769893122553245E-003
       95000  0.59997499303821245       3.63776718943655637E-003
       95500  0.59988642234869194       3.62745838755495348E-003
       96000  0.59991082634910475       3.61781142238616149E-003
       96500  0.59978113747968675       3.60832324529750548E-003
       97000  0.60002891219851928       3.60015736430336492E-003
       97500  0.59991908555188400       3.59003791425833128E-003
       98000  0.60019708700368257       3.58239167449024521E-003
       98500  0.60046451833744763       3.57562034628926403E-003
       99000  0.60044845181012729       3.56691093326465822E-003
       99500  0.60037902723281822       3.55704983182616790E-003
      100000  0.60010952934005579       3.54594315735868399E-003
      100500  0.59991385260413455       3.53631560585789461E-003
      101000  0.60050366237350750       3.53085899795090160E-003
      101500  0.60058340988445247       3.52277318776632450E-003
      102000  0.60079791171350438       3.51411723584170747E-003
      102500  0.60109127643392546       3.50756663314793918E-003
      103000  0.60112052591359910       3.49884743920163711E-003
      103500  0.60122460338859940       3.48981747261232263E-003
      104000  0.60124641754715213       3.48245138197525884E-003
      104500  0.60105301625176866       3.47384648680183327E-003
      105000  0.60117371617498538       3.46527360069093628E-003
      105500  0.60133155933284588       3.45658992333720957E-003
      106000  0.60156275083753019       3.45022590933192390E-003
      106500  0.60173266193552966       3.44310955130507643E-003
      107000  0.60193224608225626       3.43431903327491832E-003
      107500  0.60201090417674663       3.42600239955530989E-003
      108000  0.60192577581536055       3.41673703108907618E-003
      108500  0.60165440341490206       3.40842271119786051E-003
      109000  0.60161682961894725       3.39972954147237626E-003
      109500  0.60196404076839316       3.39303220091017070E-003
      110000  0.60177538926300544       3.38458008576119143E-003


 # i,res6,sigma6
        1500  2.83001830941945719E-002  2.37648982849380692E-002
        3000  2.63442635570595614E-002  1.72464065976790926E-002
        4500  2.46323493715925150E-002  1.31707001480045570E-002
        6000  2.34317910378515591E-002  1.13745269049799289E-002
        7500  1.64630136104295111E-002  9.49033430453638874E-003
        9000  1.04427084073864737E-002  8.77445880015656487E-003
       10500  4.15425793875580981E-003  8.37004586242422015E-003
       12000  1.24470023908021168E-002  9.96444110482041026E-003
       13500  1.12006014266738344E-002  8.98147354003218934E-003
       15000  1.10686269499446384E-002  8.19092269789915839E-003
       16500  1.24719321954158222E-002  8.46591835882066872E-003
       18000  1.15408085768075441E-002  7.85017125832799569E-003
       19500  1.15475512612030484E-002  7.51653267613318094E-003
       21000  7.62637027366616302E-003  7.69227939596701417E-003
       22500  9.38181342287851792E-003  7.50103651067458594E-003
       24000  5.04730267571268897E-003  7.61100136056812489E-003
       25500  3.13460433739470943E-003  7.43576296310421731E-003
       27000  2.38359737997419566E-003  7.07961752390033529E-003
       28500  1.94619510707299105E-003  6.88239957145095078E-003
       30000  1.39089918453051860E-003  6.58718875831025650E-003
       31500  3.12615987634879940E-003  6.49414568048677001E-003
       33000  3.09853256884177943E-003  6.25321408598715663E-003
       34500  3.69311082248332135E-003  6.05064444552034543E-003
       36000  4.85834975559218570E-003  6.19088625499399688E-003
       37500  1.68165245965843789E-003  6.31054582851355191E-003
       39000 -8.50803756926624778E-005  6.13806166716751762E-003
       40500 -1.02208727299577364E-003  6.11704938468875681E-003
       42000  5.89986005257821331E-004  5.99708317951305227E-003
       43500  1.46076974396059789E-005  6.10606685998053844E-003
       45000  7.61379458573851597E-004  5.92792189802834359E-003
       46500  7.61136321950597080E-004  5.74682400236713620E-003
       48000  1.16651871340007172E-003  5.59050822840874689E-003
       49500  1.68286344383498086E-003  5.43657298059863157E-003
       51000  2.73946615850504316E-003  5.34875116629517262E-003
       52500  8.37465298758715421E-003  5.90835377678275257E-003
       54000  7.88313073928026062E-003  5.77744938158880183E-003
       55500  7.86480174017124313E-003  5.62955098740391784E-003
       57000  7.95386890645865055E-003  5.50823230990593604E-003
       58500  7.86790349510483634E-003  5.38790468607454331E-003
       60000  7.43178115863791545E-003  5.26478151152192687E-003
       61500  9.15942931108968544E-003  5.24639040127784697E-003
       63000  9.93892108509527791E-003  5.14358287013313466E-003
       64500  9.37399091364584172E-003  5.04744845628812572E-003
       66000  1.03083578562516050E-002  5.09820267663443471E-003
       67500  1.04483279559937480E-002  5.00230158962390245E-003
       69000  1.21157771933199602E-002  5.04871448795510356E-003
       70500  1.26142425157250385E-002  4.97299853130786160E-003
       72000  1.22255703976640612E-002  4.89691251726024138E-003
       73500  1.02257325013665936E-002  5.09627151227469866E-003
       75000  1.00309762218060809E-002  5.02152688604338027E-003
       76500  9.55353079736520963E-003  4.97114998058047035E-003
       78000  9.32424347930403859E-003  4.90755033684432945E-003
       79500  9.21779450879225970E-003  4.82733592775385582E-003
       81000  9.37111522615204431E-003  4.74345007947657091E-003
       82500  1.10769339783894048E-002  4.82741938520254987E-003
       84000  1.08892941181235499E-002  4.74605681655252548E-003
       85500  9.77591680549173489E-003  4.69951939383670726E-003
       87000  9.77090456881547428E-003  4.62692560990045441E-003
       88500  1.00380772785292650E-002  4.55680062295852131E-003
       90000  9.83506926573150288E-003  4.48563964080105591E-003
       91500  9.78125171796216490E-003  4.42161197925424604E-003
       93000  9.80142653846316145E-003  4.35786326146884659E-003
       94500  9.50377050101158284E-003  4.30663730976568303E-003
       96000  9.77198571807870627E-003  4.34858409702064755E-003
       97500  9.75568885098086237E-003  4.28696899621683943E-003
       99000  9.76338158971465191E-003  4.22518093132533828E-003
      100500  1.01034589199702832E-002  4.16799280674971795E-003
      102000  1.02253365459830173E-002  4.11096551579405358E-003
      103500  1.14773456643875449E-002  4.15438755448988006E-003
      105000  1.14524900022427035E-002  4.09764626391377444E-003
      106500  1.17318522607097932E-002  4.06561877276161599E-003
      108000  1.15241926188123511E-002  4.01484084212421540E-003
      109500  1.18423660989573250E-002  3.96874336534403221E-003
      111000  1.24441008749186649E-002  4.00188598892026702E-003
      112500  1.34937725897394129E-002  3.99968676944907099E-003
      114000  1.33474964631435707E-002  3.98318657119778232E-003
      115500  1.38640249535266318E-002  3.95640163775524360E-003
      117000  1.39471284858982362E-002  3.91415574057770149E-003
      118500  1.32137456870731040E-002  4.02094193551858804E-003
      120000  1.32619245886082000E-002  3.97325435477020959E-003
      121500  1.46097999803436150E-002  4.06093911620559155E-003
      123000  1.42325238176031488E-002  4.02024827064504341E-003
      124500  1.45641982814398597E-002  3.98096013971916893E-003
      126000  1.47895764511146357E-002  3.94216401394328030E-003
      127500  1.56111138533765806E-002  3.92957682481642409E-003
      129000  1.70648046081455403E-002  4.32352404426017585E-003
      130500  1.65643180235046927E-002  4.28290725127732259E-003
      132000  1.66573700500309702E-002  4.24182935701882587E-003
      133500  1.68843486458722034E-002  4.20279173465279259E-003
      135000  1.66366280793950709E-002  4.16037316672106944E-003
      136500  1.67256122851939595E-002  4.12051898938279627E-003
      138000  1.65131996150775853E-002  4.09640963627965708E-003
      139500  1.60814836455637107E-002  4.05927215872977157E-003
      141000  1.62336165061045604E-002  4.01872095811390932E-003
      142500  1.61880524649797852E-002  3.97781641562227999E-003
      144000  1.61500469115572302E-002  3.93932536481699045E-003
      145500  1.56844541181009219E-002  3.96396046881656791E-003
      147000  1.57643031807585751E-002  3.92536503560394177E-003
      148500  1.57161031390863418E-002  3.88813720386831920E-003
      150000  1.51522748252089536E-002  3.88814689767138328E-003
      151500  1.49891351264521636E-002  3.85837042377720242E-003
      153000  1.55590354431420792E-002  3.87734241198244923E-003
      154500  1.56382659177424291E-002  3.85368111873024858E-003
      156000  1.56802472294956530E-002  3.82723794567386413E-003
      157500  1.56109846904745886E-002  3.80412109244693047E-003
      159000  1.56956412106853578E-002  3.77452176050024381E-003
      160500  1.57134292914948813E-002  3.75054427508880045E-003
      162000  1.51588482083982283E-002  3.75938678378558025E-003
      163500  1.53040774187353651E-002  3.73376543124080132E-003
      165000  1.49967386292606444E-002  3.70193646259474492E-003
      166500  1.49017531356119611E-002  3.67110484464105774E-003
      168000  1.46692754036917301E-002  3.64310396880469702E-003
      169500  1.45393305025723757E-002  3.61436257762985051E-003
      171000  1.44618454809615181E-002  3.58721858090842779E-003
      172500  1.45000889203394101E-002  3.55945639779667268E-003
      174000  1.45151119526979750E-002  3.53675685836791261E-003
      175500  1.47600310091798529E-002  3.51168351947940983E-003
      177000  1.45120605334932117E-002  3.48613281166595956E-003
      178500  1.42623645644439044E-002  3.45955331230420786E-003
      180000  1.40416232337884569E-002  3.43317022682860032E-003
      181500  1.40737577233921458E-002  3.40791820538906016E-003
      183000  1.41656638716477889E-002  3.38249229703474052E-003
      184500  1.40733545685682322E-002  3.35700032559393350E-003
      186000  1.41162111226530197E-002  3.33426136324434848E-003
      187500  1.42292714741721615E-002  3.31633870304264000E-003
      189000  1.42553267105740289E-002  3.29235408639102665E-003
      190500  1.40825959701953891E-002  3.26941641941408748E-003
      192000  1.42247813185317935E-002  3.24896778427688927E-003
      193500  1.34259680173173176E-002  3.28658219134499423E-003
      195000  1.36877272400747017E-002  3.26575311045538674E-003
      196500  1.38822799005392725E-002  3.25841062262378347E-003
      198000  1.41723485291991164E-002  3.23651600138487663E-003
      199500  1.41493996490014793E-002  3.21609266796029280E-003
      201000  1.42124380666601244E-002  3.19774282726892171E-003
      202500  1.55531447316997404E-002  3.40324229572947900E-003
      204000  1.56455657455455768E-002  3.39362813510978674E-003
      205500  1.53079635213373144E-002  3.40795622942387287E-003
      207000  1.52358321487172429E-002  3.38517747896885162E-003
      208500  1.57262264958309486E-002  3.38742707702137163E-003
      210000  1.57152189876401116E-002  3.37380741536683114E-003


