 # 0
 -3.43953256467557358E-003   3.0878898338017500        1.7572392648133464     


 # 1
  -3.0787608861923217       5.96831019986271243E-004  3.44567628036873479E-004
  -2.9530971765518186       9.94718366643785462E-003  1.40586471479463987E-003
  -2.8274334669113159       3.42183118125462191E-002  2.60350616006842402E-003
  -2.7017697572708128       6.84366236250924381E-002  3.67395481842978369E-003
  -2.5761060476303097       0.10404754115093996       4.51983990500815121E-003
  -2.4504423379898070       0.13866374031014370       5.20630224179166080E-003
  -2.3247786283493039       0.19556163088216821       6.16032794768498621E-003
  -2.1991149187088013       0.24330811248106993       6.85015610827176182E-003
  -2.0734512090682982       0.28588205857342391       7.40481013166640126E-003
  -1.9477874994277953       0.33163910343903802       7.95159663742896552E-003
  -1.8221237897872924       0.33999473771884586       8.04673172737365751E-003
  -1.6964600801467893       0.36108276709169412       8.28103936373139095E-003
  -1.5707963705062864       0.35431868219851637       8.20676044195911732E-003
  -1.4451326608657835       0.33820424465888710       8.02645886989925700E-003
  -1.3194689512252804       0.31930459569265512       7.80863263043467780E-003
  -1.1938052415847775       0.25365318349416527       6.98957778685124764E-003
  -1.0681415319442746       0.21943487168161907       6.51547295720099947E-003
 -0.94247782230377153       0.16174120641627951       5.61456893151687526E-003
 -0.81681411266326887       0.11260211910407651       4.69941467296715407E-003
 -0.69115040302276576       6.64471868918048714E-002  3.62061689860612495E-003
 -0.56548669338226309       3.50140865058612485E-002  2.63347324485761628E-003
 -0.43982298374175999       1.39260571330129968E-002  1.66302513040120551E-003
 -0.31415927410125688       6.16725387319146980E-003  1.10724218867206542E-003
 -0.18849556446075422       5.96831019986271243E-004  3.44567628036873479E-004
 -6.28318548202511096E-002  1.98943673328757099E-004  1.98941186517297841E-004
  6.28318548202519978E-002   0.0000000000000000        0.0000000000000000     
  0.18849556446075466       7.95774693315028396E-004  3.97867451792797283E-004
  0.31415927410125777       4.37676081323265607E-003  9.32871895056044953E-004
  0.43982298374176088       1.67112685596155948E-002  1.82143336161702724E-003
  0.56548669338226354       3.76003542591350909E-002  2.72855418285299946E-003
  0.69115040302276665       6.70440179117911400E-002  3.63670327214728976E-003
  0.81681411266326931       0.11001585135080268       4.64589823429314291E-003
  0.94247782230377242       0.15438029050311550       5.48790945897021602E-003
   1.0681415319442755       0.21008451903516748       6.37899665291536896E-003
   1.1938052415847786       0.25126585941422019       6.95768566056938556E-003
   1.3194689512252809       0.30637325692628592       7.65535151567972843E-003
   1.4451326608657840       0.33442431486564067       7.98345859201947741E-003
   1.5707963705062871       0.34019368139217465       8.04898050053005562E-003
   1.6964600801467902       0.36327114749831046       8.30489905613235845E-003
   1.8221237897872933       0.34476938587873607       8.10049627134260507E-003
   1.9477874994277955       0.32626762425916161       7.88971581188900595E-003
   2.0734512090682986       0.29165142509995789       7.47634215354551525E-003
   2.1991149187088017       0.24410388717438494       6.86099528457493561E-003
   2.3247786283493048       0.19277641945556562       6.11739980058543988E-003
   2.4504423379898079       0.14920775499656780       5.39697739613355463E-003
   2.5761060476303110       0.10404754115093996       4.51983990500815121E-003
   2.7017697572708133       6.58503558718185888E-002  3.60445626314626674E-003
   2.8274334669113164       3.20299314059298915E-002  2.51922692461737166E-003
   2.9530971765518195       1.37271134596842394E-002  1.65112432444435540E-003
   3.0787608861923226       1.79049305995881373E-003  5.96763872719276557E-004


 # 2
   1.1682201567509891        1.1666666666666667        1.3590825379574993        1.3611111111111112        1.1657969540007811        1.1666666666666667     


 # 3
  2.33766233766233740E-002   0.0000000000000000        0.0000000000000000     
  7.01298701298701255E-002   0.0000000000000000        0.0000000000000000     
  0.11688311688311687        0.0000000000000000        0.0000000000000000     
  0.16363636363636364        0.0000000000000000        0.0000000000000000     
  0.21038961038961038       5.35302132866160695E-003  3.09018154087361803E-003
  0.25714285714285712       1.78434044288720188E-003  1.78426601318592095E-003
  0.30389610389610389       5.35302132866160695E-003  3.09018154087361803E-003
  0.35064935064935060       1.60590639859848200E-002  5.35101139129719270E-003
  0.39740259740259737       2.49807662004208307E-002  6.67249067473814524E-003
  0.44415584415584414       3.56868088577440429E-002  7.97315321547577803E-003
  0.49090909090909085       5.53145537295032588E-002  9.92193246245318995E-003
  0.53766233766233762       6.06675750581648632E-002  1.03896372519405398E-002
  0.58441558441558439       9.81387243587961144E-002  1.32026294233913884E-002
  0.63116883116883116       0.11062910745900652       1.40135286262350837E-002
  0.67792207792207781       0.10706042657323211       1.37868071663571935E-002
  0.72467532467532458       0.15702195897407378       1.66770424703751100E-002
  0.77142857142857135       0.18557140606026903       1.81176633078499912E-002
  0.81818181818181812       0.21590519358935145       1.95284297414137116E-002
  0.86493506493506489       0.27478842820462912       2.20003838946348680E-002
  0.91168831168831155       0.29798485396216279       2.28975723666676040E-002
  0.95844155844155832       0.32118127971969634       2.37590187671254671E-002
   1.0051948051948050       0.38363319522074846       2.59278689592954276E-002
   1.0519480519480517       0.43002604673581568       2.74205389101747458E-002
   1.0987012987012985       0.43359472762159007       2.75317377761400695E-002
   1.1454545454545453       0.43537906806447729       2.75871546841653416E-002
   1.1922077922077920       0.47285021736510852       2.87240888815671370E-002
   1.2389610389610388       0.57098894172390469       3.14903185940971914E-002
   1.2857142857142854       0.63165651678206958       3.30727236100130870E-002
   1.3324675324675321       0.53530213286616068       3.05164925361758599E-002
   1.3792207792207789       0.63700953811073113       3.32082837954039700E-002
   1.4259740259740257       0.62630349545340791       3.29365329132700058E-002
   1.4727272727272724       0.73336392202664002       3.55486110252719312E-002
   1.5194805194805192       0.66555898519692636       3.39209333191744025E-002
   1.5662337662337660       0.66555898519692636       3.39209333191744025E-002
   1.6129870129870127       0.71908919848354247       3.52131003129829909E-002
   1.6597402597402595       0.71730485804065525       3.51709024498612355E-002
   1.7064935064935063       0.71373617715488091       3.50863317610531009E-002
   1.7532467532467531       0.75834468822706080       3.61271260156980217E-002
   1.7999999999999996       0.68340238962579836       3.43578289687006891E-002
   1.8467532467532464       0.66199030431115202       3.38327829738650568E-002
   1.8935064935064931       0.67448068741136236       3.41401772784060767E-002
   1.9402597402597399       0.67804936829713680       3.42274273207827731E-002
   1.9870129870129867       0.62451915501052080       3.28909945480502161E-002
   2.0337662337662334       0.61738179323897191       3.27081258742444661E-002
   2.0805194805194804       0.58704800570988946       3.19177626513426904E-002
   2.1272727272727270       0.54957685640925824       3.09101173514334145E-002
   2.1740259740259740       0.53708647330904780       3.05660032671721399E-002
   2.2207792207792205       0.41396698274983090       2.69139707193063495E-002
   2.2675324675324675       0.45143813205046213       2.80805602861711120E-002
   2.3142857142857141       0.42110434452137968       2.71403773120261170E-002
   2.3610389610389610       0.33545600326279401       2.42730299415948036E-002
   2.4077922077922076       0.37114281212053807       2.55098758364852331E-002
   2.4545454545454546       0.28906315174772673       2.25569589078460052E-002
   2.5012987012987011       0.26586672599019312       2.16448593678535035E-002
   2.5480519480519477       0.20698349137491545       1.91247212347016374E-002
   2.5948051948051947       0.17843404428872023       1.77688204022420949E-002
   2.6415584415584412       0.17129668251717142       1.74127462999854078E-002
   2.6883116883116882       0.14453157587386337       1.60047138945230948E-002
   2.7350649350649348       0.11598212878766813       1.43467557126205503E-002
   2.7818181818181817       9.27857030301345170E-002  1.28391227174347380E-002
   2.8285714285714283       6.42362559439392800E-002  1.06899540885545541E-002
   2.8753246753246753       6.42362559439392800E-002  1.06899540885545541E-002
   2.9220779220779218       4.46085110721800571E-002  8.91239383991474128E-003
   2.9688311688311688       2.85494470861952301E-002  7.13259677943190503E-003
   3.0155844155844154       7.13736177154880753E-003  3.56808541090194997E-003
   3.0623376623376619       3.56868088577440377E-003  2.52322793084487932E-003
   3.1090909090909089       1.78434044288720188E-003  1.78426601318592095E-003
   3.1558441558441555        0.0000000000000000        0.0000000000000000     
   3.2025974025974024        0.0000000000000000        0.0000000000000000     
   3.2493506493506490        0.0000000000000000        0.0000000000000000     
   3.2961038961038960        0.0000000000000000        0.0000000000000000     
   3.3428571428571425        0.0000000000000000        0.0000000000000000     
   3.3896103896103895        0.0000000000000000        0.0000000000000000     
   3.4363636363636361        0.0000000000000000        0.0000000000000000     
   3.4831168831168831        0.0000000000000000        0.0000000000000000     
   3.5298701298701296        0.0000000000000000        0.0000000000000000     
   3.5766233766233761        0.0000000000000000        0.0000000000000000     
   3.6233766233766231        0.0000000000000000        0.0000000000000000     
   3.6701298701298697        0.0000000000000000        0.0000000000000000     
   3.7168831168831167        0.0000000000000000        0.0000000000000000     
   3.7636363636363632        0.0000000000000000        0.0000000000000000     
   3.8103896103896102        0.0000000000000000        0.0000000000000000     
   3.8571428571428568        0.0000000000000000        0.0000000000000000     
   3.9038961038961038        0.0000000000000000        0.0000000000000000     
   3.9506493506493503        0.0000000000000000        0.0000000000000000     
   3.9974025974025973        0.0000000000000000        0.0000000000000000     
   4.0441558441558429        0.0000000000000000        0.0000000000000000     
   4.0909090909090899        0.0000000000000000        0.0000000000000000     
   4.1376623376623369        0.0000000000000000        0.0000000000000000     
   4.1844155844155839        0.0000000000000000        0.0000000000000000     
   4.2311688311688300        0.0000000000000000        0.0000000000000000     
   4.2779220779220770        0.0000000000000000        0.0000000000000000     
   4.3246753246753240        0.0000000000000000        0.0000000000000000     
   4.3714285714285710        0.0000000000000000        0.0000000000000000     
   4.4181818181818171        0.0000000000000000        0.0000000000000000     
   4.4649350649350641        0.0000000000000000        0.0000000000000000     
   4.5116883116883111        0.0000000000000000        0.0000000000000000     
   4.5584415584415572        0.0000000000000000        0.0000000000000000     
   4.6051948051948042        0.0000000000000000        0.0000000000000000     
   4.6519480519480512        0.0000000000000000        0.0000000000000000     
   4.6987012987012982        0.0000000000000000        0.0000000000000000     
   4.7454545454545443        0.0000000000000000        0.0000000000000000     
   4.7922077922077913        0.0000000000000000        0.0000000000000000     
   4.8389610389610382        0.0000000000000000        0.0000000000000000     
   4.8857142857142852        0.0000000000000000        0.0000000000000000     
   4.9324675324675313        0.0000000000000000        0.0000000000000000     
   4.9792207792207783        0.0000000000000000        0.0000000000000000     
   5.0259740259740253        0.0000000000000000        0.0000000000000000     
   5.0727272727272714        0.0000000000000000        0.0000000000000000     
   5.1194805194805184        0.0000000000000000        0.0000000000000000     
