      0.00      0.10     16.36
      0.00      0.10     16.32
      0.01      0.10     16.28
      0.01      0.10     16.24
      0.01      0.10     16.20
      0.02      0.10     16.16
      0.02      0.10     16.12
      0.02      0.10     16.08
      0.02      0.10     16.04
      0.03      0.10     16.00
      0.03      0.10     15.96
      0.03      0.10     15.92
      0.04      0.10     15.88
      0.04      0.10     15.84
      0.04      0.10     15.80
      0.05      0.10     15.76
      0.05      0.10     15.72
      0.05      0.10     15.68
      0.05      0.10     15.64
      0.06      0.10     15.60
      0.06      0.10     15.56
      0.06      0.10     15.52
      0.07      0.10     15.48
      0.07      0.10     15.44
      0.07      0.10     15.40
      0.08      0.10     15.35
      0.08      0.10     15.31
      0.08      0.10     15.27
      0.08      0.10     15.23
      0.09      0.10     15.19
      0.09      0.10     15.15
      0.09      0.10     15.11
      0.10      0.10     15.07
      0.10      0.10     15.03
      0.10      0.20     15.01
      0.11      0.20     14.99
      0.11      0.20     14.97
      0.11      0.20     14.95
      0.11      0.20     14.93
      0.12      0.20     14.92
      0.12      0.20     14.90
      0.12      0.20     14.88
      0.13      0.20     14.86
      0.13      0.20     14.84
      0.13      0.20     14.82
      0.14      0.20     14.81
      0.14      0.20     14.79
      0.14      0.20     14.77
      0.14      0.20     14.75
      0.15      0.20     14.73
      0.15      0.20     14.71
      0.15      0.20     14.70
      0.16      0.20     14.68
      0.16      0.20     14.66
      0.16      0.20     14.64
      0.17      0.20     14.62
      0.17      0.20     14.61
      0.17      0.20     14.59
      0.17      0.20     14.57
      0.18      0.20     14.55
      0.18      0.20     14.53
      0.18      0.20     14.51
      0.19      0.20     14.50
      0.19      0.20     14.48
      0.19      0.20     14.46
      0.20      0.20     14.44
      0.20      0.20     14.42
      0.20      0.30     14.41
      0.20      0.30     14.42
      0.21      0.30     14.42
      0.21      0.30     14.43
      0.21      0.30     14.43
      0.22      0.30     14.44
      0.22      0.30     14.44
      0.22      0.30     14.45
      0.23      0.30     14.45
      0.23      0.30     14.45
      0.23      0.30     14.46
      0.23      0.30     14.46
      0.24      0.30     14.47
      0.24      0.30     14.47
      0.24      0.30     14.48
      0.25      0.30     14.48
      0.25      0.30     14.49
      0.25      0.30     14.49
      0.25      0.30     14.50
      0.26      0.30     14.50
      0.26      0.30     14.51
      0.26      0.30     14.51
      0.27      0.30     14.52
      0.27      0.30     14.52
      0.27      0.30     14.53
      0.28      0.30     14.53
      0.28      0.30     14.54
      0.28      0.30     14.54
      0.28      0.30     14.55
      0.29      0.30     14.55
      0.29      0.30     14.56
      0.29      0.30     14.56
      0.30      0.30     14.57
      0.30      0.40     14.57
      0.30      0.40     14.60
      0.31      0.40     14.63
      0.31      0.40     14.65
      0.31      0.40     14.68
      0.31      0.40     14.71
      0.32      0.40     14.74
      0.32      0.40     14.77
      0.32      0.40     14.79
      0.33      0.40     14.82
      0.33      0.40     14.85
      0.33      0.40     14.88
      0.34      0.40     14.90
      0.34      0.40     14.93
      0.34      0.40     14.96
      0.34      0.40     14.99
      0.35      0.40     15.02
      0.35      0.40     15.04
      0.35      0.40     15.07
      0.36      0.40     15.10
      0.36      0.40     15.13
      0.36      0.40     15.16
      0.37      0.40     15.18
      0.37      0.40     15.21
      0.37      0.40     15.24
      0.38      0.40     15.27
      0.38      0.40     15.30
      0.38      0.40     15.32
      0.38      0.40     15.35
      0.39      0.40     15.38
      0.39      0.40     15.41
      0.39      0.40     15.43
      0.40      0.40     15.46
      0.40      0.40     15.49
      0.40      0.49     15.54
      0.41      0.49     15.59
      0.41      0.49     15.64
      0.41      0.49     15.70
      0.41      0.49     15.75
      0.42      0.49     15.80
      0.42      0.49     15.86
      0.42      0.49     15.91
      0.43      0.49     15.97
      0.43      0.49     16.02
      0.43      0.49     16.07
      0.44      0.49     16.13
      0.44      0.49     16.18
      0.44      0.49     16.23
      0.44      0.49     16.29
      0.45      0.49     16.34
      0.45      0.49     16.39
      0.45      0.49     16.45
      0.46      0.49     16.50
      0.46      0.49     16.56
      0.46      0.49     16.61
      0.47      0.49     16.66
      0.47      0.49     16.72
      0.47      0.49     16.77
      0.47      0.49     16.82
      0.48      0.49     16.88
      0.48      0.49     16.93
      0.48      0.49     16.98
      0.49      0.49     17.04
      0.49      0.49     17.09
      0.49      0.59     17.15
      0.50      0.59     17.21
      0.50      0.59     17.27
      0.50      0.59     17.33
      0.50      0.59     17.39
      0.51      0.59     17.45
      0.51      0.59     17.51
      0.51      0.59     17.57
      0.52      0.59     17.64
      0.52      0.59     17.70
      0.52      0.59     17.76
      0.52      0.59     17.82
      0.53      0.59     17.88
      0.53      0.59     17.94
      0.53      0.59     18.00
      0.54      0.59     18.06
      0.54      0.59     18.12
      0.54      0.59     18.18
      0.55      0.59     18.24
      0.55      0.59     18.30
      0.55      0.59     18.36
      0.56      0.59     18.42
      0.56      0.59     18.48
      0.56      0.59     18.54
      0.56      0.59     18.60
      0.57      0.59     18.67
      0.57      0.59     18.73
      0.57      0.59     18.79
      0.58      0.59     18.85
      0.58      0.59     18.91
      0.58      0.59     18.97
      0.58      0.59     19.03
      0.59      0.59     19.09
      0.59      0.69     19.15
      0.59      0.69     19.21
      0.60      0.69     19.27
      0.60      0.69     19.33
      0.60      0.69     19.38
      0.61      0.69     19.44
      0.61      0.69     19.50
      0.61      0.69     19.56
      0.62      0.69     19.62
      0.62      0.69     19.68
      0.62      0.69     19.73
      0.62      0.69     19.79
      0.63      0.69     19.85
      0.63      0.69     19.91
      0.63      0.69     19.97
      0.64      0.69     20.03
      0.64      0.69     20.09
      0.64      0.69     20.14
      0.64      0.69     20.20
      0.65      0.69     20.26
      0.65      0.69     20.32
      0.65      0.69     20.38
      0.66      0.69     20.44
      0.66      0.69     20.50
      0.66      0.69     20.55
      0.67      0.69     20.61
      0.67      0.69     20.67
      0.67      0.69     20.73
      0.68      0.69     20.79
      0.68      0.69     20.85
      0.68      0.69     20.90
      0.68      0.69     20.96
      0.69      0.69     21.02
      0.69      0.69     21.08
      0.69      0.79     21.12
      0.70      0.79     21.16
      0.70      0.79     21.20
      0.70      0.79     21.23
      0.70      0.79     21.27
      0.71      0.79     21.31
      0.71      0.79     21.35
      0.71      0.79     21.39
      0.72      0.79     21.43
      0.72      0.79     21.47
      0.72      0.79     21.51
      0.73      0.79     21.54
      0.73      0.79     21.58
      0.73      0.79     21.62
      0.74      0.79     21.66
      0.74      0.79     21.70
      0.74      0.79     21.74
      0.74      0.79     21.78
      0.75      0.79     21.82
      0.75      0.79     21.85
      0.75      0.79     21.89
      0.76      0.79     21.93
      0.76      0.79     21.97
      0.76      0.79     22.01
      0.76      0.79     22.05
      0.77      0.79     22.09
      0.77      0.79     22.12
      0.77      0.79     22.16
      0.78      0.79     22.20
      0.78      0.79     22.24
      0.78      0.79     22.28
      0.79      0.79     22.32
      0.79      0.79     22.36
      0.79      0.89     22.37
      0.80      0.89     22.38
      0.80      0.89     22.38
      0.80      0.89     22.39
      0.80      0.89     22.40
      0.81      0.89     22.40
      0.81      0.89     22.41
      0.81      0.89     22.41
      0.82      0.89     22.42
      0.82      0.89     22.42
      0.82      0.89     22.43
      0.82      0.89     22.43
      0.83      0.89     22.44
      0.83      0.89     22.44
      0.83      0.89     22.45
      0.84      0.89     22.45
      0.84      0.89     22.46
      0.84      0.89     22.47
      0.85      0.89     22.47
      0.85      0.89     22.48
      0.85      0.89     22.48
      0.86      0.89     22.49
      0.86      0.89     22.49
      0.86      0.89     22.50
      0.86      0.89     22.50
      0.87      0.89     22.51
      0.87      0.89     22.51
      0.87      0.89     22.52
      0.88      0.89     22.52
      0.88      0.89     22.53
      0.88      0.89     22.54
      0.88      0.89     22.54
      0.89      0.89     22.55
      0.89      0.99     22.54
      0.89      0.99     22.51
      0.90      0.99     22.48
      0.90      0.99     22.45
      0.90      0.99     22.42
      0.91      0.99     22.39
      0.91      0.99     22.36
      0.91      0.99     22.33
      0.92      0.99     22.30
      0.92      0.99     22.28
      0.92      0.99     22.25
      0.92      0.99     22.22
      0.93      0.99     22.19
      0.93      0.99     22.16
      0.93      0.99     22.13
      0.94      0.99     22.10
      0.94      0.99     22.07
      0.94      0.99     22.04
      0.94      0.99     22.01
      0.95      0.99     21.98
      0.95      0.99     21.95
      0.95      0.99     21.92
      0.96      0.99     21.89
      0.96      0.99     21.86
      0.96      0.99     21.83
      0.97      0.99     21.81
      0.97      0.99     21.78
      0.97      0.99     21.75
      0.98      0.99     21.72
      0.98      0.99     21.69
      0.98      0.99     21.66
      0.98      0.99     21.63
      0.99      0.99     21.60
      0.99      1.09     21.57
      0.99      1.09     21.52
      1.00      1.09     21.46
      1.00      1.09     21.41
      1.00      1.09     21.35
      1.00      1.09     21.30
      1.01      1.09     21.24
      1.01      1.09     21.19
      1.01      1.09     21.14
      1.02      1.09     21.08
      1.02      1.09     21.03
      1.02      1.09     20.97
      1.03      1.09     20.92
      1.03      1.09     20.86
      1.03      1.09     20.81
      1.03      1.09     20.76
      1.04      1.09     20.70
      1.04      1.09     20.65
      1.04      1.09     20.59
      1.05      1.09     20.54
      1.05      1.09     20.48
      1.05      1.09     20.43
      1.06      1.09     20.38
      1.06      1.09     20.32
      1.06      1.09     20.27
      1.07      1.09     20.21
      1.07      1.09     20.16
      1.07      1.09     20.10
      1.07      1.09     20.05
      1.08      1.09     20.00
      1.08      1.09     19.94
      1.08      1.09     19.89
      1.09      1.09     19.83
      1.09      1.09     19.78
      1.09      1.19     19.72
      1.10      1.19     19.66
      1.10      1.19     19.60
      1.10      1.19     19.53
      1.10      1.19     19.47
      1.11      1.19     19.41
      1.11      1.19     19.35
      1.11      1.19     19.29
      1.12      1.19     19.22
      1.12      1.19     19.16
      1.12      1.19     19.10
      1.13      1.19     19.04
      1.13      1.19     18.98
      1.13      1.19     18.92
      1.13      1.19     18.85
      1.14      1.19     18.79
      1.14      1.19     18.73
      1.14      1.19     18.67
      1.15      1.19     18.61
      1.15      1.19     18.54
      1.15      1.19     18.48
      1.15      1.19     18.42
      1.16      1.19     18.36
      1.16      1.19     18.30
      1.16      1.19     18.24
      1.17      1.19     18.17
      1.17      1.19     18.11
      1.17      1.19     18.05
      1.18      1.19     17.99
      1.18      1.19     17.93
      1.18      1.19     17.86
      1.19      1.19     17.80
      1.19      1.19     17.74
      1.19      1.28     17.68
      1.19      1.28     17.62
      1.20      1.28     17.56
      1.20      1.28     17.50
      1.20      1.28     17.44
      1.21      1.28     17.39
      1.21      1.28     17.33
      1.21      1.28     17.27
      1.22      1.28     17.21
      1.22      1.28     17.15
      1.22      1.28     17.09
      1.22      1.28     17.03
      1.23      1.28     16.97
      1.23      1.28     16.91
      1.23      1.28     16.85
      1.24      1.28     16.80
      1.24      1.28     16.74
      1.24      1.28     16.68
      1.25      1.28     16.62
      1.25      1.28     16.56
      1.25      1.28     16.50
      1.25      1.28     16.44
      1.26      1.28     16.38
      1.26      1.28     16.32
      1.26      1.28     16.26
      1.27      1.28     16.21
      1.27      1.28     16.15
      1.27      1.28     16.09
      1.27      1.28     16.03
      1.28      1.28     15.97
      1.28      1.38     15.92
      1.28      1.38     15.88
      1.29      1.38     15.85
      1.29      1.38     15.81
      1.29      1.38     15.78
      1.30      1.38     15.74
      1.30      1.38     15.71
      1.30      1.38     15.67
      1.31      1.38     15.64
      1.31      1.38     15.61
      1.31      1.38     15.57
      1.31      1.38     15.54
      1.32      1.38     15.50
      1.32      1.38     15.47
      1.32      1.38     15.43
      1.33      1.38     15.40
      1.33      1.38     15.36
      1.33      1.38     15.33
      1.34      1.38     15.29
      1.34      1.38     15.26
      1.34      1.38     15.22
      1.34      1.38     15.19
      1.35      1.38     15.15
      1.35      1.38     15.12
      1.35      1.38     15.08
      1.36      1.38     15.05
      1.36      1.38     15.01
      1.36      1.38     14.98
      1.37      1.38     14.94
      1.37      1.38     14.91
      1.37      1.38     14.87
      1.37      1.38     14.84
      1.38      1.38     14.80
      1.38      1.38     14.77
      1.38      1.48     14.76
      1.39      1.48     14.75
      1.39      1.48     14.73
      1.39      1.48     14.72
      1.39      1.48     14.71
      1.40      1.48     14.70
      1.40      1.48     14.69
      1.40      1.48     14.68
      1.41      1.48     14.66
      1.41      1.48     14.65
      1.41      1.48     14.64
      1.42      1.48     14.63
      1.42      1.48     14.62
      1.42      1.48     14.61
      1.43      1.48     14.59
      1.43      1.48     14.58
      1.43      1.48     14.57
      1.43      1.48     14.56
      1.44      1.48     14.55
      1.44      1.48     14.54
      1.44      1.48     14.52
      1.45      1.48     14.51
      1.45      1.48     14.50
      1.45      1.48     14.49
      1.46      1.48     14.48
      1.46      1.48     14.47
      1.46      1.48     14.45
      1.46      1.48     14.44
      1.47      1.48     14.43
      1.47      1.48     14.42
      1.47      1.48     14.41
      1.48      1.48     14.40
      1.48      1.48     14.38
      1.48      1.58     14.39
      1.49      1.58     14.40
      1.49      1.58     14.41
      1.49      1.58     14.42
      1.49      1.58     14.43
      1.50      1.58     14.44
      1.50      1.58     14.45
      1.50      1.58     14.47
      1.51      1.58     14.48
      1.51      1.58     14.49
      1.51      1.58     14.50
      1.51      1.58     14.51
      1.52      1.58     14.52
      1.52      1.58     14.53
      1.52      1.58     14.54
      1.53      1.58     14.55
      1.53      1.58     14.56
      1.53      1.58     14.58
      1.54      1.58     14.59
      1.54      1.58     14.60
      1.54      1.58     14.61
      1.54      1.58     14.62
      1.55      1.58     14.63
      1.55      1.58     14.64
      1.55      1.58     14.65
      1.56      1.58     14.66
      1.56      1.58     14.68
      1.56      1.58     14.69
      1.57      1.58     14.70
      1.57      1.58     14.71
      1.57      1.58     14.72
      1.58      1.58     14.73
      1.58      1.58     14.74
      1.58      1.68     14.76
      1.58      1.68     14.80
      1.59      1.68     14.83
      1.59      1.68     14.86
      1.59      1.68     14.90
      1.60      1.68     14.93
      1.60      1.68     14.97
      1.60      1.68     15.00
      1.61      1.68     15.04
      1.61      1.68     15.07
      1.61      1.68     15.10
      1.61      1.68     15.14
      1.62      1.68     15.17
      1.62      1.68     15.21
      1.62      1.68     15.24
      1.63      1.68     15.27
      1.63      1.68     15.31
      1.63      1.68     15.34
      1.63      1.68     15.38
      1.64      1.68     15.41
      1.64      1.68     15.45
      1.64      1.68     15.48
      1.65      1.68     15.51
      1.65      1.68     15.55
      1.65      1.68     15.58
      1.66      1.68     15.62
      1.66      1.68     15.65
      1.66      1.68     15.68
      1.66      1.68     15.72
      1.67      1.68     15.75
      1.67      1.68     15.79
      1.67      1.68     15.82
      1.68      1.68     15.86
      1.68      1.78     15.89
      1.68      1.78     15.94
      1.69      1.78     15.99
      1.69      1.78     16.05
      1.69      1.78     16.10
      1.70      1.78     16.15
      1.70      1.78     16.21
      1.70      1.78     16.26
      1.70      1.78     16.31
      1.71      1.78     16.36
      1.71      1.78     16.42
      1.71      1.78     16.47
      1.72      1.78     16.52
      1.72      1.78     16.57
      1.72      1.78     16.63
      1.73      1.78     16.68
      1.73      1.78     16.73
      1.73      1.78     16.78
      1.73      1.78     16.83
      1.74      1.78     16.89
      1.74      1.78     16.94
      1.74      1.78     16.99
      1.75      1.78     17.05
      1.75      1.78     17.10
      1.75      1.78     17.15
      1.75      1.78     17.20
      1.76      1.78     17.26
      1.76      1.78     17.31
      1.76      1.78     17.36
      1.77      1.78     17.41
      1.77      1.78     17.46
      1.77      1.78     17.52
      1.78      1.78     17.57
      1.78      1.78     17.62
      1.78      1.88     17.68
      1.78      1.88     17.74
      1.79      1.88     17.80
      1.79      1.88     17.87
      1.79      1.88     17.93
      1.80      1.88     17.99
      1.80      1.88     18.05
      1.80      1.88     18.11
      1.81      1.88     18.18
      1.81      1.88     18.24
      1.81      1.88     18.30
      1.82      1.88     18.36
      1.82      1.88     18.42
      1.82      1.88     18.48
      1.82      1.88     18.55
      1.83      1.88     18.61
      1.83      1.88     18.67
      1.83      1.88     18.73
      1.84      1.88     18.79
      1.84      1.88     18.86
      1.84      1.88     18.92
      1.85      1.88     18.98
      1.85      1.88     19.04
      1.85      1.88     19.10
      1.85      1.88     19.16
      1.86      1.88     19.23
      1.86      1.88     19.29
      1.86      1.88     19.35
      1.87      1.88     19.41
      1.87      1.88     19.47
      1.87      1.88     19.54
      1.88      1.88     19.60
      1.88      1.88     19.66
      1.88      1.98     19.72
      1.88      1.98     19.77
      1.89      1.98     19.83
      1.89      1.98     19.88
      1.89      1.98     19.94
      1.90      1.98     19.99
      1.90      1.98     20.05
      1.90      1.98     20.10
      1.90      1.98     20.16
      1.91      1.98     20.21
      1.91      1.98     20.27
      1.91      1.98     20.32
      1.92      1.98     20.38
      1.92      1.98     20.43
      1.92      1.98     20.49
      1.93      1.98     20.54
      1.93      1.98     20.60
      1.93      1.98     20.65
      1.94      1.98     20.71
      1.94      1.98     20.76
      1.94      1.98     20.82
      1.94      1.98     20.87
      1.95      1.98     20.93
      1.95      1.98     20.98
      1.95      1.98     21.04
      1.96      1.98     21.09
      1.96      1.98     21.15
      1.96      1.98     21.20
      1.97      1.98     21.26
      1.97      1.98     21.31
      1.97      1.98     21.37
      1.97      1.98     21.42
      1.98      1.98     21.48
      1.98      2.07     21.53
      1.98      2.07     21.56
      1.99      2.07     21.60
      1.99      2.07     21.63
      1.99      2.07     21.66
      2.00      2.07     21.70
      2.00      2.07     21.73
      2.00      2.07     21.77
      2.00      2.07     21.80
      2.01      2.07     21.83
      2.01      2.07     21.87
      2.01      2.07     21.90
      2.02      2.07     21.93
      2.02      2.07     21.97
      2.02      2.07     22.00
      2.03      2.07     22.04
      2.03      2.07     22.07
      2.03      2.07     22.10
      2.03      2.07     22.14
      2.04      2.07     22.17
      2.04      2.07     22.20
      2.04      2.07     22.24
      2.05      2.07     22.27
      2.05      2.07     22.30
      2.05      2.07     22.34
      2.06      2.07     22.37
      2.06      2.07     22.41
      2.06      2.07     22.44
      2.06      2.07     22.47
      2.07      2.07     22.51
      2.07      2.07     22.54
      2.07      2.17     22.54
      2.08      2.17     22.53
      2.08      2.17     22.53
      2.08      2.17     22.52
      2.09      2.17     22.52
      2.09      2.17     22.51
      2.09      2.17     22.51
      2.09      2.17     22.50
      2.10      2.17     22.50
      2.10      2.17     22.50
      2.10      2.17     22.49
      2.11      2.17     22.49
      2.11      2.17     22.48
      2.11      2.17     22.48
      2.12      2.17     22.47
      2.12      2.17     22.47
      2.12      2.17     22.46
      2.12      2.17     22.46
      2.13      2.17     22.45
      2.13      2.17     22.45
      2.13      2.17     22.45
      2.14      2.17     22.44
      2.14      2.17     22.44
      2.14      2.17     22.43
      2.14      2.17     22.43
      2.15      2.17     22.42
      2.15      2.17     22.42
      2.15      2.17     22.41
      2.16      2.17     22.41
      2.16      2.17     22.40
      2.16      2.17     22.40
      2.17      2.17     22.40
      2.17      2.17     22.39
      2.17      2.27     22.36
      2.17      2.27     22.33
      2.18      2.27     22.29
      2.18      2.27     22.25
      2.18      2.27     22.21
      2.19      2.27     22.18
      2.19      2.27     22.14
      2.19      2.27     22.10
      2.20      2.27     22.06
      2.20      2.27     22.02
      2.20      2.27     21.99
      2.20      2.27     21.95
      2.21      2.27     21.91
      2.21      2.27     21.87
      2.21      2.27     21.84
      2.22      2.27     21.80
      2.22      2.27     21.76
      2.22      2.27     21.72
      2.23      2.27     21.68
      2.23      2.27     21.65
      2.23      2.27     21.61
      2.24      2.27     21.57
      2.24      2.27     21.53
      2.24      2.27     21.50
      2.24      2.27     21.46
      2.25      2.27     21.42
      2.25      2.27     21.38
      2.25      2.27     21.34
      2.26      2.27     21.31
      2.26      2.27     21.27
      2.26      2.27     21.23
      2.27      2.27     21.19
      2.27      2.27     21.16
      2.27      2.37     21.11
      2.27      2.37     21.05
      2.28      2.37     20.99
      2.28      2.37     20.94
      2.28      2.37     20.88
      2.29      2.37     20.82
      2.29      2.37     20.76
      2.29      2.37     20.70
      2.30      2.37     20.64
      2.30      2.37     20.59
      2.30      2.37     20.53
      2.30      2.37     20.47
      2.31      2.37     20.41
      2.31      2.37     20.35
      2.31      2.37     20.30
      2.32      2.37     20.24
      2.32      2.37     20.18
      2.32      2.37     20.12
      2.33      2.37     20.06
      2.33      2.37     20.00
      2.33      2.37     19.95
      2.33      2.37     19.89
      2.34      2.37     19.83
      2.34      2.37     19.77
      2.34      2.37     19.71
      2.35      2.37     19.66
      2.35      2.37     19.60
      2.35      2.37     19.54
      2.36      2.37     19.48
      2.36      2.37     19.42
      2.36      2.37     19.36
      2.36      2.37     19.31
      2.37      2.37     19.25
      2.37      2.47     19.19
      2.37      2.47     19.13
      2.38      2.47     19.07
      2.38      2.47     19.01
      2.38      2.47     18.95
      2.38      2.47     18.89
      2.39      2.47     18.82
      2.39      2.47     18.76
      2.39      2.47     18.70
      2.40      2.47     18.64
      2.40      2.47     18.58
      2.40      2.47     18.52
      2.41      2.47     18.46
      2.41      2.47     18.40
      2.41      2.47     18.34
      2.41      2.47     18.28
      2.42      2.47     18.22
      2.42      2.47     18.15
      2.42      2.47     18.09
      2.43      2.47     18.03
      2.43      2.47     17.97
      2.43      2.47     17.91
      2.44      2.47     17.85
      2.44      2.47     17.79
      2.44      2.47     17.73
      2.44      2.47     17.67
      2.45      2.47     17.61
      2.45      2.47     17.55
      2.45      2.47     17.48
      2.46      2.47     17.42
      2.46      2.47     17.36
      2.46      2.47     17.30
      2.47      2.47     17.24
      2.47      2.47     17.18
      2.47      2.57     17.13
      2.47      2.57     17.08
      2.48      2.57     17.03
      2.48      2.57     16.98
      2.48      2.57     16.93
      2.49      2.57     16.88
      2.49      2.57     16.84
      2.49      2.57     16.79
      2.50      2.57     16.74
      2.50      2.57     16.69
      2.50      2.57     16.64
      2.51      2.57     16.59
      2.51      2.57     16.54
      2.51      2.57     16.50
      2.51      2.57     16.45
      2.52      2.57     16.40
      2.52      2.57     16.35
      2.52      2.57     16.30
      2.53      2.57     16.25
      2.53      2.57     16.20
      2.53      2.57     16.16
      2.54      2.57     16.11
      2.54      2.57     16.06
      2.54      2.57     16.01
      2.54      2.57     15.96
      2.55      2.57     15.91
      2.55      2.57     15.86
      2.55      2.57     15.82
      2.56      2.57     15.77
      2.56      2.57     15.72
      2.56      2.57     15.67
      2.57      2.57     15.62
      2.57      2.57     15.57
      2.57      2.67     15.53
      2.57      2.67     15.50
      2.58      2.67     15.47
      2.58      2.67     15.45
      2.58      2.67     15.42
      2.59      2.67     15.39
      2.59      2.67     15.36
      2.59      2.67     15.33
      2.60      2.67     15.30
      2.60      2.67     15.27
      2.60      2.67     15.25
      2.60      2.67     15.22
      2.61      2.67     15.19
      2.61      2.67     15.16
      2.61      2.67     15.13
      2.62      2.67     15.10
      2.62      2.67     15.07
      2.62      2.67     15.05
      2.63      2.67     15.02
      2.63      2.67     14.99
      2.63      2.67     14.96
      2.63      2.67     14.93
      2.64      2.67     14.90
      2.64      2.67     14.87
      2.64      2.67     14.85
      2.65      2.67     14.82
      2.65      2.67     14.79
      2.65      2.67     14.76
      2.65      2.67     14.73
      2.66      2.67     14.70
      2.66      2.67     14.68
      2.66      2.67     14.65
      2.67      2.67     14.62
      2.67      2.77     14.59
      2.67      2.77     14.58
      2.68      2.77     14.58
      2.68      2.77     14.57
      2.68      2.77     14.57
      2.68      2.77     14.56
      2.69      2.77     14.56
      2.69      2.77     14.55
      2.69      2.77     14.54
      2.70      2.77     14.54
      2.70      2.77     14.53
      2.70      2.77     14.53
      2.71      2.77     14.52
      2.71      2.77     14.52
      2.71      2.77     14.51
      2.71      2.77     14.50
      2.72      2.77     14.50
      2.72      2.77     14.49
      2.72      2.77     14.49
      2.73      2.77     14.48
      2.73      2.77     14.48
      2.73      2.77     14.47
      2.74      2.77     14.46
      2.74      2.77     14.46
      2.74      2.77     14.45
      2.75      2.77     14.45
      2.75      2.77     14.44
      2.75      2.77     14.44
      2.75      2.77     14.43
      2.76      2.77     14.42
      2.76      2.77     14.42
      2.76      2.77     14.41
      2.77      2.77     14.41
      2.77      2.77     14.40
      2.77      2.86     14.41
      2.78      2.86     14.43
      2.78      2.86     14.45
      2.78      2.86     14.47
      2.78      2.86     14.49
      2.79      2.86     14.51
      2.79      2.86     14.53
      2.79      2.86     14.55
      2.80      2.86     14.57
      2.80      2.86     14.59
      2.80      2.86     14.61
      2.81      2.86     14.63
      2.81      2.86     14.65
      2.81      2.86     14.67
      2.81      2.86     14.69
      2.82      2.86     14.71
      2.82      2.86     14.73
      2.82      2.86     14.75
      2.83      2.86     14.77
      2.83      2.86     14.79
      2.83      2.86     14.81
      2.84      2.86     14.83
      2.84      2.86     14.85
      2.84      2.86     14.87
      2.84      2.86     14.89
      2.85      2.86     14.90
      2.85      2.86     14.92
      2.85      2.86     14.94
      2.86      2.86     14.96
      2.86      2.86     14.98
      2.86      2.96     15.02
      2.87      2.96     15.06
      2.87      2.96     15.10
      2.87      2.96     15.14
      2.87      2.96     15.18
      2.88      2.96     15.22
      2.88      2.96     15.26
      2.88      2.96     15.30
      2.89      2.96     15.34
      2.89      2.96     15.38
      2.89      2.96     15.42
      2.89      2.96     15.46
      2.90      2.96     15.50
      2.90      2.96     15.54
      2.90      2.96     15.58
      2.91      2.96     15.62
      2.91      2.96     15.66
      2.91      2.96     15.69
      2.92      2.96     15.73
      2.92      2.96     15.77
      2.92      2.96     15.81
      2.92      2.96     15.85
      2.93      2.96     15.89
      2.93      2.96     15.93
      2.93      2.96     15.97
      2.94      2.96     16.01
      2.94      2.96     16.05
      2.94      2.96     16.09
      2.95      2.96     16.13
      2.95      2.96     16.17
      2.95      2.96     16.21
      2.95      2.96     16.25
      2.96      2.96     16.29
      2.96      3.06     16.34
      2.96      3.06     16.40
      2.97      3.06     16.45
      2.97      3.06     16.51
      2.97      3.06     16.56
      2.98      3.06     16.62
      2.98      3.06     16.68
      2.98      3.06     16.73
      2.99      3.06     16.79
      2.99      3.06     16.85
      2.99      3.06     16.90
      2.99      3.06     16.96
      3.00      3.06     17.02
      3.00      3.06     17.07
      3.00      3.06     17.13
      3.01      3.06     17.18
      3.01      3.06     17.24
      3.01      3.06     17.30
      3.02      3.06     17.35
      3.02      3.06     17.41
      3.02      3.06     17.47
      3.02      3.06     17.52
      3.03      3.06     17.58
      3.03      3.06     17.64
      3.03      3.06     17.69
      3.04      3.06     17.75
      3.04      3.06     17.81
      3.04      3.06     17.86
      3.05      3.06     17.92
      3.05      3.06     17.97
      3.05      3.06     18.03
      3.05      3.06     18.09
      3.06      3.06     18.14
      3.06      3.06     18.20
      3.06      3.16     18.26
      3.07      3.16     18.32
      3.07      3.16     18.39
      3.07      3.16     18.45
      3.08      3.16     18.51
      3.08      3.16     18.57
      3.08      3.16     18.63
      3.08      3.16     18.69
      3.09      3.16     18.76
      3.09      3.16     18.82
      3.09      3.16     18.88
      3.10      3.16     18.94
      3.10      3.16     19.00
      3.10      3.16     19.07
      3.11      3.16     19.13
      3.11      3.16     19.19
      3.11      3.16     19.25
      3.11      3.16     19.31
      3.12      3.16     19.37
      3.12      3.16     19.44
      3.12      3.16     19.50
      3.13      3.16     19.56
      3.13      3.16     19.62
      3.13      3.16     19.68
      3.13      3.16     19.74
      3.14      3.16     19.81
      3.14      3.16     19.87
      3.14      3.16     19.93
      3.15      3.16     19.99
      3.15      3.16     20.05
      3.15      3.16     20.12
      3.16      3.16     20.18
      3.16      3.16     20.24
      3.16      3.26     20.29
      3.16      3.26     20.34
      3.17      3.26     20.39
      3.17      3.26     20.44
      3.17      3.26     20.49
      3.18      3.26     20.54
      3.18      3.26     20.59
      3.18      3.26     20.64
      3.19      3.26     20.69
      3.19      3.26     20.74
      3.19      3.26     20.79
      3.19      3.26     20.84
      3.20      3.26     20.89
      3.20      3.26     20.94
      3.20      3.26     20.99
      3.21      3.26     21.04
      3.21      3.26     21.09
      3.21      3.26     21.13
      3.22      3.26     21.18
      3.22      3.26     21.23
      3.22      3.26     21.28
      3.23      3.26     21.33
      3.23      3.26     21.38
      3.23      3.26     21.43
      3.23      3.26     21.48
      3.24      3.26     21.53
      3.24      3.26     21.58
      3.24      3.26     21.63
      3.25      3.26     21.68
      3.25      3.26     21.73
      3.25      3.26     21.78
      3.26      3.26     21.83
      3.26      3.26     21.88
      3.26      3.36     21.92
      3.26      3.36     21.94
      3.27      3.36     21.96
      3.27      3.36     21.98
      3.27      3.36     22.00
      3.28      3.36     22.02
      3.28      3.36     22.04
      3.28      3.36     22.07
      3.29      3.36     22.09
      3.29      3.36     22.11
      3.29      3.36     22.13
      3.29      3.36     22.15
      3.30      3.36     22.17
      3.30      3.36     22.19
      3.30      3.36     22.22
      3.31      3.36     22.24
      3.31      3.36     22.26
      3.31      3.36     22.28
      3.32      3.36     22.30
      3.32      3.36     22.32
      3.32      3.36     22.34
      3.32      3.36     22.36
      3.33      3.36     22.39
      3.33      3.36     22.41
      3.33      3.36     22.43
      3.34      3.36     22.45
      3.34      3.36     22.47
      3.34      3.36     22.49
      3.35      3.36     22.51
      3.35      3.36     22.53
      3.35      3.36     22.56
      3.35      3.36     22.58
      3.36      3.36     22.60
      3.36      3.46     22.62
      3.36      3.46     22.61
      3.37      3.46     22.59
      3.37      3.46     22.58
      3.37      3.46     22.56
      3.38      3.46     22.55
      3.38      3.46     22.53
      3.38      3.46     22.52
      3.38      3.46     22.50
      3.39      3.46     22.49
      3.39      3.46     22.48
      3.39      3.46     22.46
      3.40      3.46     22.45
      3.40      3.46     22.43
      3.40      3.46     22.42
      3.40      3.46     22.40
      3.41      3.46     22.39
      3.41      3.46     22.38
      3.41      3.46     22.36
      3.42      3.46     22.35
      3.42      3.46     22.33
      3.42      3.46     22.32
      3.43      3.46     22.30
      3.43      3.46     22.29
      3.43      3.46     22.27
      3.43      3.46     22.26
      3.44      3.46     22.25
      3.44      3.46     22.23
      3.44      3.46     22.22
      3.45      3.46     22.20
      3.45      3.46     22.19
      3.45      3.46     22.17
      3.46      3.46     22.16
      3.46      3.46     22.14
      3.46      3.56     22.11
      3.46      3.56     22.06
      3.47      3.56     22.02
      3.47      3.56     21.97
      3.47      3.56     21.93
      3.48      3.56     21.88
      3.48      3.56     21.84
      3.48      3.56     21.79
      3.49      3.56     21.75
      3.49      3.56     21.70
      3.49      3.56     21.66
      3.50      3.56     21.61
      3.50      3.56     21.57
      3.50      3.56     21.52
      3.50      3.56     21.48
      3.51      3.56     21.43
      3.51      3.56     21.39
      3.51      3.56     21.34
      3.52      3.56     21.29
      3.52      3.56     21.25
      3.52      3.56     21.20
      3.53      3.56     21.16
      3.53      3.56     21.11
      3.53      3.56     21.07
      3.53      3.56     21.02
      3.54      3.56     20.98
      3.54      3.56     20.93
      3.54      3.56     20.89
      3.55      3.56     20.84
      3.55      3.56     20.80
      3.55      3.56     20.75
      3.56      3.56     20.71
      3.56      3.56     20.66
      3.56      3.65     20.61
      3.56      3.65     20.54
      3.57      3.65     20.47
      3.57      3.65     20.41
      3.57      3.65     20.34
      3.58      3.65     20.27
      3.58      3.65     20.20
      3.58      3.65     20.14
      3.59      3.65     20.07
      3.59      3.65     20.00
      3.59      3.65     19.93
      3.59      3.65     19.87
      3.60      3.65     19.80
      3.60      3.65     19.73
      3.60      3.65     19.66
      3.61      3.65     19.60
      3.61      3.65     19.53
      3.61      3.65     19.46
      3.62      3.65     19.40
      3.62      3.65     19.33
      3.62      3.65     19.26
      3.62      3.65     19.19
      3.63      3.65     19.13
      3.63      3.65     19.06
      3.63      3.65     18.99
      3.64      3.65     18.92
      3.64      3.65     18.86
      3.64      3.65     18.79
      3.64      3.65     18.72
      3.65      3.65     18.65
      3.65      3.75     18.59
      3.65      3.75     18.53
      3.66      3.75     18.47
      3.66      3.75     18.41
      3.66      3.75     18.36
      3.67      3.75     18.30
      3.67      3.75     18.24
      3.67      3.75     18.18
      3.67      3.75     18.12
      3.68      3.75     18.06
      3.68      3.75     18.00
      3.68      3.75     17.94
      3.69      3.75     17.88
      3.69      3.75     17.83
      3.69      3.75     17.77
      3.70      3.75     17.71
      3.70      3.75     17.65
      3.70      3.75     17.59
      3.70      3.75     17.53
      3.71      3.75     17.47
      3.71      3.75     17.41
      3.71      3.75     17.36
      3.72      3.75     17.30
      3.72      3.75     17.24
      3.72      3.75     17.18
      3.73      3.75     17.12
      3.73      3.75     17.06
      3.73      3.75     17.00
      3.74      3.75     16.94
      3.74      3.75     16.89
      3.74      3.75     16.83
      3.74      3.75     16.77
      3.75      3.75     16.71
      3.75      3.75     16.65
      3.75      3.85     16.61
      3.76      3.85     16.56
      3.76      3.85     16.52
      3.76      3.85     16.48
      3.77      3.85     16.43
      3.77      3.85     16.39
      3.77      3.85     16.35
      3.77      3.85     16.30
      3.78      3.85     16.26
      3.78      3.85     16.22
      3.78      3.85     16.17
      3.79      3.85     16.13
      3.79      3.85     16.08
      3.79      3.85     16.04
      3.80      3.85     16.00
      3.80      3.85     15.95
      3.80      3.85     15.91
      3.80      3.85     15.87
      3.81      3.85     15.82
      3.81      3.85     15.78
      3.81      3.85     15.74
      3.82      3.85     15.69
      3.82      3.85     15.65
      3.82      3.85     15.61
      3.83      3.85     15.56
      3.83      3.85     15.52
      3.83      3.85     15.48
      3.83      3.85     15.43
      3.84      3.85     15.39
      3.84      3.85     15.34
      3.84      3.85     15.30
      3.85      3.85     15.26
      3.85      3.85     15.21
      3.85      3.95     15.19
      3.86      3.95     15.16
      3.86      3.95     15.14
      3.86      3.95     15.12
      3.86      3.95     15.10
      3.87      3.95     15.07
      3.87      3.95     15.05
      3.87      3.95     15.03
      3.88      3.95     15.01
      3.88      3.95     14.99
      3.88      3.95     14.96
      3.88      3.95     14.94
      3.89      3.95     14.92
      3.89      3.95     14.90
      3.89      3.95     14.87
      3.90      3.95     14.85
      3.90      3.95     14.83
      3.90      3.95     14.81
      3.91      3.95     14.79
      3.91      3.95     14.76
      3.91      3.95     14.74
      3.91      3.95     14.72
      3.92      3.95     14.70
      3.92      3.95     14.67
      3.92      3.95     14.65
      3.93      3.95     14.63
      3.93      3.95     14.61
      3.93      3.95     14.59
      3.94      3.95     14.56
      3.94      3.95     14.54
      3.94      3.95     14.52
      3.94      3.95     14.50
      3.95      3.95     14.47
      3.95      4.05     14.46
      3.95      4.05     14.46
      3.96      4.05     14.46
      3.96      4.05     14.46
      3.96      4.05     14.46
      3.97      4.05     14.46
      3.97      4.05     14.47
      3.97      4.05     14.47
      3.98      4.05     14.47
      3.98      4.05     14.47
      3.98      4.05     14.47
      3.98      4.05     14.47
      3.99      4.05     14.47
      3.99      4.05     14.47
      3.99      4.05     14.47
      4.00      4.05     14.47
      4.00      4.05     14.47
      4.00      4.05     14.48
      4.01      4.05     14.48
      4.01      4.05     14.48
      4.01      4.05     14.48
      4.01      4.05     14.48
      4.02      4.05     14.48
      4.02      4.05     14.48
      4.02      4.05     14.48
      4.03      4.05     14.48
      4.03      4.05     14.48
      4.03      4.05     14.48
      4.03      4.05     14.49
      4.04      4.05     14.49
      4.04      4.05     14.49
      4.04      4.05     14.49
      4.05      4.05     14.49
      4.05      4.15     14.49
      4.05      4.15     14.51
      4.06      4.15     14.54
      4.06      4.15     14.56
      4.06      4.15     14.59
      4.07      4.15     14.61
      4.07      4.15     14.63
      4.07      4.15     14.66
      4.07      4.15     14.68
      4.08      4.15     14.71
      4.08      4.15     14.73
      4.08      4.15     14.75
      4.09      4.15     14.78
      4.09      4.15     14.80
      4.09      4.15     14.83
      4.10      4.15     14.85
      4.10      4.15     14.87
      4.10      4.15     14.90
      4.10      4.15     14.92
      4.11      4.15     14.95
      4.11      4.15     14.97
      4.11      4.15     14.99
      4.12      4.15     15.02
      4.12      4.15     15.04
      4.12      4.15     15.07
      4.13      4.15     15.09
      4.13      4.15     15.11
      4.13      4.15     15.14
      4.13      4.15     15.16
      4.14      4.15     15.19
      4.14      4.15     15.21
      4.14      4.15     15.23
      4.15      4.15     15.26
      4.15      4.15     15.28
      4.15      4.25     15.32
      4.16      4.25     15.37
      4.16      4.25     15.41
      4.16      4.25     15.46
      4.16      4.25     15.50
      4.17      4.25     15.55
      4.17      4.25     15.59
      4.17      4.25     15.64
      4.18      4.25     15.68
      4.18      4.25     15.73
      4.18      4.25     15.77
      4.18      4.25     15.82
      4.19      4.25     15.86
      4.19      4.25     15.91
      4.19      4.25     15.95
      4.20      4.25     16.00
      4.20      4.25     16.04
      4.20      4.25     16.09
      4.21      4.25     16.14
      4.21      4.25     16.18
      4.21      4.25     16.23
      4.22      4.25     16.27
      4.22      4.25     16.32
      4.22      4.25     16.36
      4.22      4.25     16.41
      4.23      4.25     16.45
      4.23      4.25     16.50
      4.23      4.25     16.54
      4.24      4.25     16.59
      4.24      4.25     16.63
      4.24      4.25     16.68
      4.24      4.25     16.72
      4.25      4.25     16.77
      4.25      4.35     16.82
      4.25      4.35     16.88
      4.26      4.35     16.94
      4.26      4.35     17.00
      4.26      4.35     17.06
      4.27      4.35     17.12
      4.27      4.35     17.18
      4.27      4.35     17.24
      4.28      4.35     17.30
      4.28      4.35     17.35
      4.28      4.35     17.41
      4.28      4.35     17.47
      4.29      4.35     17.53
      4.29      4.35     17.59
      4.29      4.35     17.65
      4.30      4.35     17.71
      4.30      4.35     17.77
      4.30      4.35     17.83
      4.30      4.35     17.89
      4.31      4.35     17.95
      4.31      4.35     18.01
      4.31      4.35     18.07
      4.32      4.35     18.13
      4.32      4.35     18.19
      4.32      4.35     18.25
      4.33      4.35     18.30
      4.33      4.35     18.36
      4.33      4.35     18.42
      4.34      4.35     18.48
      4.34      4.35     18.54
      4.34      4.35     18.60
      4.34      4.35     18.66
      4.35      4.35     18.72
      4.35      4.35     18.78
      4.35      4.44     18.85
      4.36      4.44     18.91
      4.36      4.44     18.98
      4.36      4.44     19.05
      4.37      4.44     19.11
      4.37      4.44     19.18
      4.37      4.44     19.25
      4.37      4.44     19.31
      4.38      4.44     19.38
      4.38      4.44     19.45
      4.38      4.44     19.51
      4.39      4.44     19.58
      4.39      4.44     19.65
      4.39      4.44     19.71
      4.39      4.44     19.78
      4.40      4.44     19.85
      4.40      4.44     19.91
      4.40      4.44     19.98
      4.41      4.44     20.05
      4.41      4.44     20.11
      4.41      4.44     20.18
      4.42      4.44     20.25
      4.42      4.44     20.31
      4.42      4.44     20.38
      4.43      4.44     20.45
      4.43      4.44     20.51
      4.43      4.44     20.58
      4.43      4.44     20.65
      4.44      4.44     20.71
      4.44      4.54     20.78
      4.44      4.54     20.82
      4.45      4.54     20.87
      4.45      4.54     20.91
      4.45      4.54     20.95
      4.45      4.54     21.00
      4.46      4.54     21.04
      4.46      4.54     21.08
      4.46      4.54     21.13
      4.47      4.54     21.17
      4.47      4.54     21.21
      4.47      4.54     21.26
      4.48      4.54     21.30
      4.48      4.54     21.34
      4.48      4.54     21.38
      4.49      4.54     21.43
      4.49      4.54     21.47
      4.49      4.54     21.51
      4.49      4.54     21.56
      4.50      4.54     21.60
      4.50      4.54     21.64
      4.50      4.54     21.69
      4.51      4.54     21.73
      4.51      4.54     21.77
      4.51      4.54     21.82
      4.51      4.54     21.86
      4.52      4.54     21.90
      4.52      4.54     21.95
      4.52      4.54     21.99
      4.53      4.54     22.03
      4.53      4.54     22.08
      4.53      4.54     22.12
      4.54      4.54     22.16
      4.54      4.54     22.21
      4.54      4.64     22.23
      4.55      4.64     22.24
      4.55      4.64     22.25
      4.55      4.64     22.26
      4.55      4.64     22.27
      4.56      4.64     22.29
      4.56      4.64     22.30
      4.56      4.64     22.31
      4.57      4.64     22.32
      4.57      4.64     22.33
      4.57      4.64     22.34
      4.57      4.64     22.36
      4.58      4.64     22.37
      4.58      4.64     22.38
      4.58      4.64     22.39
      4.59      4.64     22.40
      4.59      4.64     22.42
      4.59      4.64     22.43
      4.60      4.64     22.44
      4.60      4.64     22.45
      4.60      4.64     22.46
      4.61      4.64     22.47
      4.61      4.64     22.49
      4.61      4.64     22.50
      4.61      4.64     22.51
      4.62      4.64     22.52
      4.62      4.64     22.53
      4.62      4.64     22.54
      4.63      4.64     22.56
      4.63      4.64     22.57
      4.63      4.64     22.58
      4.64      4.64     22.59
      4.64      4.64     22.60
      4.64      4.74     22.60
      4.64      4.74     22.58
      4.65      4.74     22.55
      4.65      4.74     22.53
      4.65      4.74     22.51
      4.66      4.74     22.48
      4.66      4.74     22.46
      4.66      4.74     22.43
      4.66      4.74     22.41
      4.67      4.74     22.39
      4.67      4.74     22.36
      4.67      4.74     22.34
      4.68      4.74     22.31
      4.68      4.74     22.29
      4.68      4.74     22.27
      4.69      4.74     22.24
      4.69      4.74     22.22
      4.69      4.74     22.19
      4.70      4.74     22.17
      4.70      4.74     22.15
      4.70      4.74     22.12
      4.70      4.74     22.10
      4.71      4.74     22.07
      4.71      4.74     22.05
      4.71      4.74     22.03
      4.72      4.74     22.00
      4.72      4.74     21.98
      4.72      4.74     21.95
      4.72      4.74     21.93
      4.73      4.74     21.91
      4.73      4.74     21.88
      4.73      4.74     21.86
      4.74      4.74     21.83
      4.74      4.84     21.81
      4.74      4.84     21.76
      4.75      4.84     21.71
      4.75      4.84     21.66
      4.75      4.84     21.60
      4.76      4.84     21.55
      4.76      4.84     21.50
      4.76      4.84     21.45
      4.76      4.84     21.40
      4.77      4.84     21.35
      4.77      4.84     21.30
      4.77      4.84     21.25
      4.78      4.84     21.19
      4.78      4.84     21.14
      4.78      4.84     21.09
      4.78      4.84     21.04
      4.79      4.84     20.99
      4.79      4.84     20.94
      4.79      4.84     20.89
      4.80      4.84     20.84
      4.80      4.84     20.78
      4.80      4.84     20.73
      4.81      4.84     20.68
      4.81      4.84     20.63
      4.81      4.84     20.58
      4.82      4.84     20.53
      4.82      4.84     20.48
      4.82      4.84     20.42
      4.82      4.84     20.37
      4.83      4.84     20.32
      4.83      4.84     20.27
      4.83      4.84     20.22
      4.84      4.84     20.17
      4.84      4.84     20.12
      4.84      4.94     20.06
      4.85      4.94     20.00
      4.85      4.94     19.94
      4.85      4.94     19.87
      4.85      4.94     19.81
      4.86      4.94     19.75
      4.86      4.94     19.69
      4.86      4.94     19.63
      4.87      4.94     19.56
      4.87      4.94     19.50
      4.87      4.94     19.44
      4.88      4.94     19.38
      4.88      4.94     19.32
      4.88      4.94     19.26
      4.88      4.94     19.19
      4.89      4.94     19.13
      4.89      4.94     19.07
      4.89      4.94     19.01
      4.90      4.94     18.95
      4.90      4.94     18.88
      4.90      4.94     18.82
      4.91      4.94     18.76
      4.91      4.94     18.70
      4.91      4.94     18.64
      4.91      4.94     18.58
      4.92      4.94     18.51
      4.92      4.94     18.45
      4.92      4.94     18.39
      4.93      4.94     18.33
      4.93      4.94     18.27
      4.93      4.94     18.20
      4.93      4.94     18.14
      4.94      4.94     18.08
      4.94      5.04     18.02
      4.94      5.04     17.97
      4.95      5.04     17.91
      4.95      5.04     17.86
      4.95      5.04     17.80
      4.96      5.04     17.74
      4.96      5.04     17.69
      4.96      5.04     17.63
      4.97      5.04     17.58
      4.97      5.04     17.52
      4.97      5.04     17.47
      4.97      5.04     17.41
      4.98      5.04     17.36
      4.98      5.04     17.30
      4.98      5.04     17.24
      4.99      5.04     17.19
      4.99      5.04     17.13
      4.99      5.04     17.08
      4.99      5.04     17.02
      5.00      5.04     16.97
      5.00      5.04     16.91
      5.00      5.04     16.86
      5.01      5.04     16.80
      5.01      5.04     16.74
      5.01      5.04     16.69
      5.02      5.04     16.63
      5.02      5.04     16.58
      5.02      5.04     16.52
      5.03      5.04     16.47
      5.03      5.04     16.41
      5.03      5.04     16.36
      5.03      5.04     16.30
      5.04      5.04     16.25
      5.04      5.04     16.19
      5.04      5.14     16.15
      5.05      5.14     16.11
      5.05      5.14     16.08
      5.05      5.14     16.04
      5.05      5.14     16.00
      5.06      5.14     15.96
      5.06      5.14     15.92
      5.06      5.14     15.89
      5.07      5.14     15.85
      5.07      5.14     15.81
      5.07      5.14     15.77
      5.08      5.14     15.73
      5.08      5.14     15.69
      5.08      5.14     15.66
      5.09      5.14     15.62
      5.09      5.14     15.58
      5.09      5.14     15.54
      5.09      5.14     15.50
      5.10      5.14     15.47
      5.10      5.14     15.43
      5.10      5.14     15.39
      5.11      5.14     15.35
      5.11      5.14     15.31
      5.11      5.14     15.28
      5.12      5.14     15.24
      5.12      5.14     15.20
      5.12      5.14     15.16
      5.12      5.14     15.12
      5.13      5.14     15.09
      5.13      5.14     15.05
      5.13      5.14     15.01
      5.14      5.14     14.97
      5.14      5.14     14.93
      5.14      5.23     14.91
      5.14      5.23     14.89
      5.15      5.23     14.87
      5.15      5.23     14.86
      5.15      5.23     14.84
      5.16      5.23     14.82
      5.16      5.23     14.80
      5.16      5.23     14.78
      5.17      5.23     14.77
      5.17      5.23     14.75
      5.17      5.23     14.73
      5.18      5.23     14.71
      5.18      5.23     14.70
      5.18      5.23     14.68
      5.18      5.23     14.66
      5.19      5.23     14.64
      5.19      5.23     14.63
      5.19      5.23     14.61
      5.20      5.23     14.59
      5.20      5.23     14.57
      5.20      5.23     14.55
      5.20      5.23     14.54
      5.21      5.23     14.52
      5.21      5.23     14.50
      5.21      5.23     14.48
      5.22      5.23     14.47
      5.22      5.23     14.45
      5.22      5.23     14.43
      5.23      5.23     14.41
      5.23      5.23     14.40
      5.23      5.33     14.39
      5.24      5.33     14.40
      5.24      5.33     14.41
      5.24      5.33     14.42
      5.24      5.33     14.42
      5.25      5.33     14.43
      5.25      5.33     14.44
      5.25      5.33     14.45
      5.26      5.33     14.45
      5.26      5.33     14.46
      5.26      5.33     14.47
      5.26      5.33     14.47
      5.27      5.33     14.48
      5.27      5.33     14.49
      5.27      5.33     14.50
      5.28      5.33     14.50
      5.28      5.33     14.51
      5.28      5.33     14.52
      5.29      5.33     14.52
      5.29      5.33     14.53
      5.29      5.33     14.54
      5.30      5.33     14.55
      5.30      5.33     14.55
      5.30      5.33     14.56
      5.30      5.33     14.57
      5.31      5.33     14.57
      5.31      5.33     14.58
      5.31      5.33     14.59
      5.32      5.33     14.60
      5.32      5.33     14.60
      5.32      5.33     14.61
      5.32      5.33     14.62
      5.33      5.33     14.63
      5.33      5.43     14.64
      5.33      5.43     14.67
      5.34      5.43     14.70
      5.34      5.43     14.73
      5.34      5.43     14.76
      5.35      5.43     14.79
      5.35      5.43     14.82
      5.35      5.43     14.85
      5.36      5.43     14.88
      5.36      5.43     14.91
      5.36      5.43     14.94
      5.36      5.43     14.97
      5.37      5.43     15.00
      5.37      5.43     15.03
      5.37      5.43     15.06
      5.38      5.43     15.09
      5.38      5.43     15.12
      5.38      5.43     15.16
      5.39      5.43     15.19
      5.39      5.43     15.22
      5.39      5.43     15.25
      5.39      5.43     15.28
      5.40      5.43     15.31
      5.40      5.43     15.34
      5.40      5.43     15.37
      5.41      5.43     15.40
      5.41      5.43     15.43
      5.41      5.43     15.46
      5.41      5.43     15.49
      5.42      5.43     15.52
      5.42      5.43     15.55
      5.42      5.43     15.58
      5.43      5.43     15.61
      5.43      5.43     15.64
      5.43      5.53     15.69
      5.44      5.53     15.74
      5.44      5.53     15.79
      5.44      5.53     15.84
      5.45      5.53     15.89
      5.45      5.53     15.94
      5.45      5.53     15.99
      5.45      5.53     16.04
      5.46      5.53     16.09
      5.46      5.53     16.14
      5.46      5.53     16.19
      5.47      5.53     16.24
      5.47      5.53     16.29
      5.47      5.53     16.34
      5.47      5.53     16.39
      5.48      5.53     16.44
      5.48      5.53     16.49
      5.48      5.53     16.54
      5.49      5.53     16.59
      5.49      5.53     16.64
      5.49      5.53     16.69
      5.50      5.53     16.74
      5.50      5.53     16.79
      5.50      5.53     16.84
      5.51      5.53     16.89
      5.51      5.53     16.94
      5.51      5.53     16.99
      5.51      5.53     17.04
      5.52      5.53     17.09
      5.52      5.53     17.14
      5.52      5.53     17.19
      5.53      5.53     17.24
      5.53      5.53     17.29
      5.53      5.63     17.35
      5.53      5.63     17.41
      5.54      5.63     17.47
      5.54      5.63     17.53
      5.54      5.63     17.60
      5.55      5.63     17.66
      5.55      5.63     17.72
      5.55      5.63     17.78
      5.56      5.63     17.84
      5.56      5.63     17.90
      5.56      5.63     17.96
      5.57      5.63     18.02
      5.57      5.63     18.09
      5.57      5.63     18.15
      5.57      5.63     18.21
      5.58      5.63     18.27
      5.58      5.63     18.33
      5.58      5.63     18.39
      5.59      5.63     18.45
      5.59      5.63     18.51
      5.59      5.63     18.57
      5.60      5.63     18.64
      5.60      5.63     18.70
      5.60      5.63     18.76
      5.60      5.63     18.82
      5.61      5.63     18.88
      5.61      5.63     18.94
      5.61      5.63     19.00
      5.62      5.63     19.06
      5.62      5.63     19.13
      5.62      5.63     19.19
      5.63      5.63     19.25
      5.63      5.63     19.31
      5.63      5.73     19.37
      5.63      5.73     19.43
      5.64      5.73     19.48
      5.64      5.73     19.54
      5.64      5.73     19.60
      5.65      5.73     19.66
      5.65      5.73     19.71
      5.65      5.73     19.77
      5.66      5.73     19.83
      5.66      5.73     19.88
      5.66      5.73     19.94
      5.66      5.73     20.00
      5.67      5.73     20.06
      5.67      5.73     20.11
      5.67      5.73     20.17
      5.68      5.73     20.23
      5.68      5.73     20.29
      5.68      5.73     20.34
      5.68      5.73     20.40
      5.69      5.73     20.46
      5.69      5.73     20.52
      5.69      5.73     20.57
      5.70      5.73     20.63
      5.70      5.73     20.69
      5.70      5.73     20.74
      5.71      5.73     20.80
      5.71      5.73     20.86
      5.71      5.73     20.92
      5.72      5.73     20.97
      5.72      5.73     21.03
      5.72      5.73     21.09
      5.72      5.73     21.15
      5.73      5.73     21.20
      5.73      5.83     21.26
      5.73      5.83     21.30
      5.74      5.83     21.33
      5.74      5.83     21.37
      5.74      5.83     21.40
      5.74      5.83     21.44
      5.75      5.83     21.47
      5.75      5.83     21.51
      5.75      5.83     21.54
      5.76      5.83     21.58
      5.76      5.83     21.61
      5.76      5.83     21.65
      5.77      5.83     21.68
      5.77      5.83     21.72
      5.77      5.83     21.76
      5.78      5.83     21.79
      5.78      5.83     21.83
      5.78      5.83     21.86
      5.78      5.83     21.90
      5.79      5.83     21.93
      5.79      5.83     21.97
      5.79      5.83     22.00
      5.80      5.83     22.04
      5.80      5.83     22.07
      5.80      5.83     22.11
      5.80      5.83     22.14
      5.81      5.83     22.18
      5.81      5.83     22.22
      5.81      5.83     22.25
      5.82      5.83     22.29
      5.82      5.83     22.32
      5.82      5.83     22.36
      5.83      5.83     22.39
      5.83      5.83     22.43
      5.83      5.93     22.44
      5.84      5.93     22.44
      5.84      5.93     22.44
      5.84      5.93     22.45
      5.84      5.93     22.45
      5.85      5.93     22.45
      5.85      5.93     22.45
      5.85      5.93     22.45
      5.86      5.93     22.46
      5.86      5.93     22.46
      5.86      5.93     22.46
      5.87      5.93     22.46
      5.87      5.93     22.46
      5.87      5.93     22.46
      5.87      5.93     22.47
      5.88      5.93     22.47
      5.88      5.93     22.47
      5.88      5.93     22.47
      5.89      5.93     22.47
      5.89      5.93     22.48
      5.89      5.93     22.48
      5.89      5.93     22.48
      5.90      5.93     22.48
      5.90      5.93     22.48
      5.90      5.93     22.48
      5.91      5.93     22.49
      5.91      5.93     22.49
      5.91      5.93     22.49
      5.92      5.93     22.49
      5.92      5.93     22.49
      5.92      5.93     22.50
      5.93      5.93     22.50
      5.93      5.93     22.50
      5.93      6.02     22.49
      5.93      6.02     22.45
      5.94      6.02     22.42
      5.94      6.02     22.38
      5.94      6.02     22.34
      5.95      6.02     22.31
      5.95      6.02     22.27
      5.95      6.02     22.23
      5.95      6.02     22.20
      5.96      6.02     22.16
      5.96      6.02     22.12
      5.96      6.02     22.09
      5.97      6.02     22.05
      5.97      6.02     22.02
      5.97      6.02     21.98
      5.98      6.02     21.94
      5.98      6.02     21.91
      5.98      6.02     21.87
      5.99      6.02     21.83
      5.99      6.02     21.80
      5.99      6.02     21.76
      5.99      6.02     21.72
      6.00      6.02     21.69
      6.00      6.02     21.65
