 #0 N,n_u,error_u,n_d,error_d
         150   2.0751317175940218       0.22294411981990181        1.0136459243940130       0.14076026781760295     
         300   2.1145689504662046       0.16234375789118605        1.1374321748395373       9.50079774704898211E-002
         450   2.1126224649228678       0.14846880324807810        1.0990091487558751       8.20001177196439529E-002
         600   1.9590630714125112       0.11305303216651752        1.0426809052197301       7.41212459725393430E-002
         750   2.0997251876936383       0.10579092154191080        1.0316392770532765       6.05942163081903615E-002
         900   2.1507043858607164       0.10435524531271877       0.92371295495578587       4.96096351175035755E-002
        1050   1.9848765011146663       8.80441046349895312E-002  0.96412308837792338       4.83413200935675913E-002
        1200   1.9609949537579037       8.44206283230142518E-002   1.0248516265392713       4.71711113037365515E-002
        1350   1.9617745568817500       7.59964465487207030E-002   1.0628354331833800       4.65342600434134612E-002
        1500   2.0049072830755197       7.55896298693494173E-002   1.0109779117206301       4.30994260015652511E-002
        1650   2.0311173556783193       7.14989311588162535E-002  0.96340397606548189       3.85411421622154290E-002
        1800   1.9542043657814727       6.52847685909626607E-002  0.96075719219270161       3.59650683070706287E-002
        1950   2.0517966331507069       6.58112766259305176E-002   1.0251812026277953       3.76357443615707513E-002
        2100   1.9593299445474215       6.31723433490965353E-002   1.0197454471494940       3.55472341268521647E-002
        2250   1.9184046298952586       5.71735501930449100E-002   1.0165796891710728       3.61571741496269569E-002
        2400   2.0130704781735447       5.78031393854024286E-002  0.99083481383298799       3.37236076700653045E-002
        2550   1.9884084205612307       5.72421601474356681E-002   1.0641338464930186       3.48211693413507800E-002
        2700   1.9221829729228361       5.17232323263100771E-002   1.0030681634966394       3.17842814507139151E-002
        2850   1.9665472987386743       5.25177140540851878E-002   1.0305997033640366       3.25414749980952461E-002
        3000   2.0698524639126799       5.37880128776039509E-002  0.99283164433234594       3.05514372387099518E-002
        3150   1.9532048509710938       5.01370915216698895E-002  0.95846937779642638       2.78539853929664800E-002
        3300   2.0481105699080371       5.01807073952713276E-002   1.0299596168967136       2.91825232700983102E-002
        3450   1.9373629784747795       4.66709487553966032E-002   1.0097005218910362       2.83236765188990269E-002
        3600   1.9942882196770415       4.78579385734344623E-002  0.90398170086531893       2.49371117121041201E-002
        3750   2.0057495406835608       4.69966265728701746E-002  0.98350148204890475       2.64231230882228212E-002
        3900   1.9166997119206788       4.38484049130935596E-002   1.0044759239935297       2.57828374935594705E-002
        4050   1.9854922932166510       4.48626876090072457E-002  0.88950136427501059       2.36869558496662913E-002
        4200   2.0374876180993149       4.54912262790799771E-002  0.96765464926517075       2.46639743802168770E-002
        4350   1.9599625080486744       4.25974899934216736E-002  0.98346102938025903       2.41427337684630809E-002
        4500   2.0325142425456146       4.41729197269204871E-002  0.97564777187723828       2.41897924190885294E-002
        4650   2.0270171670116608       4.28534839085620844E-002   1.0024042560624911       2.38432370299146296E-002
        4800   1.9351598976761870       3.94626723831640810E-002   1.0274800744926340       2.40577044217291647E-002
        4950   2.0104002051833634       4.12950067002062424E-002  0.96784854966400113       2.23757376915449981E-002
        5100   2.0028693892184508       3.95741199211992814E-002   1.0136812145105938       2.43875924849259254E-002
        5250   2.0559851385167898       4.11185703258304114E-002   1.0217759610711215       2.40031148047249350E-002
        5400   1.9885819374273983       3.86029359270003286E-002  0.97692024897734631       2.27122975109113369E-002
        5550   2.0272756959595188       3.86563459900534645E-002   1.0161629404240589       2.27678769874995572E-002
        5700   1.9714075759540317       3.75010745355793887E-002  0.97620257052026316       2.16841801601498005E-002
        5850   2.0296096555744301       3.73863500949162958E-002  0.97908639885137771       2.12332865022999348E-002
        6000   2.0185607920794579       3.72472548847609317E-002  0.96829793363586825       2.09701477951846037E-002
        6150   1.9995866156474458       3.60278068929981779E-002   1.0109613581978929       2.12374969201891313E-002
        6300   2.0522161946521438       3.64421967013941125E-002   1.0002042015189321       2.06511895163586506E-002
        6450   1.9691304218747570       3.54500223460329569E-002   1.0043259211251483       2.08756113247766592E-002
        6600   2.0032018921748294       3.48882390970827877E-002  0.99314698036232407       2.00259508683485049E-002
        6750   2.0083684568284164       3.47039285023486646E-002   1.0090395058748294       2.02125385909360973E-002
        6900   2.0127204126444997       3.41992364714376329E-002   1.0137068784470604       1.95170670436563866E-002
        7050   1.9976094932649235       3.33878677304119895E-002  0.98609476538021801       1.94251459126298584E-002
        7200   1.9708271030689439       3.32135012167006430E-002   1.0133630437335597       2.01388102323424370E-002
        7350   2.0759627978042801       3.42235994382550854E-002   1.0043350441098120       1.96075401013831238E-002
        7500   1.9686801259999001       3.35031133522032051E-002   1.0190855853647374       1.95041563310164486E-002
        7650   2.0578317694292441       3.35110745256361267E-002  0.96222592417045671       1.83479881893075306E-002
        7800   1.9849259777381871       3.24945323079656387E-002   1.0286683846140492       1.96319187004128197E-002
        7950   1.9830081705239708       3.22798921547823164E-002   1.0050535207848534       1.86733007499302571E-002
        8100   2.0117640090454572       3.25461493987264996E-002  0.94757721650266824       1.76019533244201193E-002
        8250   2.0489492230422210       3.27241165754671437E-002  0.98949896033769802       1.86051615207521656E-002
        8400   2.0097632805853545       3.11238978148692565E-002  0.98681107949578439       1.76750125706349667E-002
        8550   1.9954867392425883       3.12708725957136086E-002   1.0026823441306640       1.75010906993295010E-002
        8700   1.9881988372481676       3.05150089180281046E-002  0.97931143197632264       1.81058470610972952E-002
        8850   1.9965412951736323       3.08011805246166809E-002   1.0061873669062866       1.73887080636912217E-002
        9000   2.0045867912157171       3.03840868250052840E-002  0.96612099417040387       1.71035536047471071E-002
        9150   1.9660803758758696       2.94183521292910449E-002   1.0002095879338506       1.71388780036027324E-002
        9300   2.0092738865041575       2.93783023971871150E-002  0.99512618547611364       1.72954496690713826E-002
        9450   1.9987004061183868       2.95613076211246432E-002   1.0114543281857493       1.73099779606569193E-002
        9600   1.9780586337055652       2.92370962353778810E-002  0.99370289179355042       1.69889666498521802E-002
        9750   1.9799264389653530       2.87954346268031562E-002  0.99539611353041046       1.67568395028925080E-002
        9900   1.9951095553056883       2.87983161707261216E-002  0.99799674767415802       1.63362031386070777E-002
       10050   2.0058965663240471       2.84594347509907371E-002  0.97208975141443432       1.61514729832824035E-002
       10200   1.9759897805466038       2.79591688912372988E-002  0.98213723545695975       1.64133578528253485E-002
       10350   1.9960648851486587       2.93344337784717073E-002  0.98723568640881521       1.59430098286145357E-002
       10500   1.9555404106174679       2.69607253173801235E-002   1.0127714537035111       1.63929682089144872E-002
       10650   1.9487455550848349       2.74394987598849532E-002  0.98850549978095492       1.62165140233564639E-002
       10800   2.0030029437626795       2.79175165463853188E-002  0.99173625850504155       1.57243629801111125E-002
       10950   2.0077627260097777       2.74843013496240303E-002  0.97310958979996243       1.53523156719425347E-002
       11100   2.0066813458888566       2.77503925640108715E-002   1.0062060583930794       1.56749843004280118E-002
       11250   1.9709019454958083       2.71683243703819306E-002   1.0070488859580218       1.57181660963237220E-002
       11400   2.0060322131750405       2.65808682530443569E-002  0.97745053869797249       1.53122008896561749E-002
       11550   1.9626787660767688       2.58042668732411454E-002  0.97580309148819921       1.49908170408601261E-002
       11700   1.9986581007419553       2.64591926794951367E-002   1.0251895961125506       1.56261870652774811E-002
       11850   1.9789470809987986       2.63154999253489424E-002  0.98407303471596963       1.52780810566649321E-002
       12000   2.0471333914913763       2.74481668355374617E-002  0.98096982088588769       1.49168538718692529E-002
       12150   1.9740761625322238       2.53532347233320597E-002  0.97813035862926312       1.46014360543968748E-002
       12300   1.9696028976784155       2.59997191360660899E-002   1.0064112940185492       1.51638478052517379E-002
       12450   1.9916547299603211       2.54766280324080462E-002  0.99424792530826922       1.49549033006662110E-002
       12600   1.9847477359144308       2.54467729456559072E-002  0.98258013204699923       1.45881022531490854E-002
       12750   2.0113176663674266       2.54071815857887864E-002  0.97897013493590079       1.43779988817685188E-002
       12900   2.0083788752839755       2.56044300805491065E-002  0.97780470302157407       1.46362319714190316E-002
       13050   2.0087262670828294       2.48754708538924223E-002  0.98404869341321954       1.40512831234230959E-002
       13200   2.0007869160845493       2.46362473071464090E-002  0.96000595762161789       1.38776017268022484E-002
       13350   2.0120193254498466       2.49667855411321998E-002  0.97027258765053448       1.38083259878966913E-002
       13500   2.0054616017466231       2.52058623533769344E-002  0.99489264640142350       1.42133055576472624E-002
       13650   2.0246593548193550       2.47536904183335849E-002  0.98276977137379851       1.41916196230225614E-002
       13800   2.0162352897565974       2.52164486751591498E-002   1.0073049035416624       1.45110150261651156E-002
       13950   2.0245742565955682       2.46030695003577014E-002  0.98700819779407833       1.42065965923188382E-002
       14100   1.9939083717376234       2.43849530431485308E-002  0.99175017001037280       1.36401006235729490E-002
       14250   1.9965554964090146       2.44139711438438323E-002  0.99051133480686537       1.38648247758136733E-002
       14400   1.9810089831805962       2.36757414040352568E-002  0.98196555541374209       1.35867357976102998E-002
       14550   1.9519227906696515       2.32973410235742112E-002  0.98498366228908973       1.36678750761071444E-002
       14700   2.0276970097630196       2.37999338498709051E-002  0.98051497818035172       1.34799953641366130E-002
       14850   1.9695141297858723       2.34499517074888801E-002   1.0023128327703408       1.36080823399245682E-002
       15000   1.9761000702900922       2.31397405280953199E-002  0.99757407906981155       1.36996502907915461E-002
       15150   1.9694118262723428       2.37579339598360008E-002   1.0021365958209729       1.37697388224033573E-002
       15300   2.0244135813354331       2.33517445818269900E-002   1.0038302599127686       1.33174212692580736E-002
       15450   1.9571566006411409       2.29347692084223183E-002  0.99287079681873569       1.33728593447244356E-002
       15600   2.0267752579331577       2.31018663451998361E-002  0.99336315604299508       1.30772979640497115E-002
       15750   1.9690914518631821       2.27644978004008375E-002  0.98155154291480651       1.30594534061767350E-002
       15900   1.9856087701094050       2.25003353428683169E-002   1.0033085853001631       1.32612263096311064E-002
       16050   2.0444910516174639       2.32169487728503682E-002  0.94671557750962032       1.22187363724648099E-002
       16200   2.0161021554308687       2.36525161837565917E-002  0.98609623531378432       1.29705114215944647E-002
       16350   1.9864478823579705       2.23514759426451382E-002  0.99636355454080427       1.27754795781653604E-002
       16500   2.0582766589726882       2.28758759658987745E-002   1.0059725339981689       1.28946729148201704E-002
       16650   1.9842977015578942       2.21572795662407819E-002  0.97499806439144798       1.26590127436926794E-002
       16800   2.0164149097434292       2.22567785746127615E-002  0.98232596530838601       1.25827951722933002E-002
       16950   2.0106901709085130       2.23747920827255149E-002   1.0084843619490904       1.34244814667884935E-002
       17100   1.9964750913935012       2.21268509737372193E-002  0.98284207287644909       1.26541711378501693E-002
       17250   1.9645090090993296       2.14294271931596211E-002  0.97404057967831048       1.21979877107882117E-002
       17400   2.0123450556473648       2.21987703071437267E-002  0.98643158836018519       1.23367505087913932E-002
       17550   1.9997017296360062       2.15904260472941437E-002   1.0080304775766988       1.25059448911362669E-002
       17700   2.0179118952640103       2.17191730607915884E-002  0.97489573404745222       1.20995055590416463E-002
       17850   1.9941214586478364       2.13221738304925634E-002  0.98261195790047839       1.22888342803599403E-002
       18000   1.9581715175742891       2.11264773641124531E-002  0.98410629518647008       1.22149477740902193E-002
       18150   2.0011479606587730       2.12448557780123559E-002  0.97566554771061065       1.23503852908277770E-002
       18300   1.9921534603984032       2.10874437783767285E-002  0.99275245800224199       1.21559096051095383E-002
       18450   1.9979821750553757       2.19100511135024746E-002  0.96917337091580424       1.17083922649677732E-002
       18600   2.0063783150766135       2.10997353100364632E-002  0.98715724146321460       1.22642721583722421E-002
       18750   1.9798025743620757       2.09393768790815428E-002  0.99463246870841193       1.20365327082259110E-002
       18900   1.9793559759578938       2.08312246780653458E-002  0.97820446406948258       1.18662888010140979E-002
       19050   2.0136962241899248       2.07394817333792607E-002  0.98043587430781087       1.18899402482236394E-002
       19200   1.9869565215774829       2.03338293409680709E-002  0.98442200237968691       1.17371170976651919E-002
       19350   1.9698781659305380       2.06004740296902127E-002  0.97681559641342641       1.16718446761555853E-002
       19500   2.0005325045775129       2.04788550060844704E-002  0.98638459899874620       1.18333124971468483E-002
       19650   1.9660001418440247       1.98207402178940360E-002  0.99838004518835055       1.17080295180534751E-002
       19800   2.0196375822312111       2.08138696214295663E-002  0.99079153854925550       1.17657426201460136E-002
       19950   1.9898877132254573       2.08473315089441752E-002  0.98028247044630779       1.14367091562505036E-002
       20100   2.0029642531727587       2.06628724392650710E-002  0.99711367264556994       1.15973992763841096E-002
       20250   1.9994353585016924       2.00443508130576688E-002  0.98062875097866575       1.15602675549506886E-002
       20400   2.0279159278428311       2.01732038002282767E-002   1.0051199348472608       1.17017391720908234E-002
       20550   2.0084652473432532       2.02990639508813277E-002   1.0006799694016737       1.16388290555621398E-002
       20700   1.9659811599177199       1.96464829963226562E-002  0.97899960595693414       1.12767729310061481E-002
       20850   1.9745902005226270       1.99201775533109846E-002  0.98019932102472151       1.13878502951634281E-002
       21000   2.0055055038578424       1.97465848183309561E-002  0.97528193392693940       1.13021459699095689E-002
       21150   2.0036146223320093       2.01753048369108547E-002   1.0040057446525885       1.15038087675514312E-002
       21300   1.9921892356497113       1.96770484393867691E-002  0.99189095024601048       1.13986999093530078E-002
       21450   1.9843080645839273       1.94678705763078434E-002  0.98203496298552506       1.12675815689581484E-002
       21600   1.9850662116817006       1.95289700059017579E-002  0.98913406274624760       1.10683591685898763E-002
       21750   1.9897194701688266       1.94075595105024784E-002  0.98429788363889714       1.10389888366487950E-002
       21900   1.9623763215338668       1.92133977722470789E-002  0.98020821795787638       1.11736332610920131E-002
       22050   2.0038420677500768       1.90224569893576861E-002                       NaN                       NaN
       22200   1.9885197681268147       1.92198979782642852E-002  0.98694762242090406       1.07851319867903316E-002
       22350   2.0198184770042706       1.99132634895832945E-002  0.99912597284689197       1.10526569817017469E-002
       22500   1.9958663304425444       1.92476491927878850E-002   1.0001074522074747       1.08896844770533362E-002
       22650   1.9812397756780609       1.90641469940566050E-002   1.0136246205353556       1.10011034540821624E-002
       22800   1.9979535691677051       1.90694156909114489E-002  0.98972733885218378       1.08980512002041525E-002
       22950   2.0321508539051929       1.95812072094329361E-002  0.98374102079073478       1.06449709095612789E-002
       23100   2.0089726263779211       1.94518021725867823E-002   1.0084517327938911       1.10118331648085110E-002
       23250   2.0251111493246596       1.89108140341177865E-002  0.99355095148584494       1.06589624381454879E-002
       23400   1.9841616109053977       1.87887749681059993E-002  0.98645367340147805       1.05997935221604726E-002
       23550   2.0006904171589004       1.86520651933680531E-002  0.98344600119998948       1.07261669947875966E-002
       23700   1.9996897327212619       1.93281260993273460E-002  0.98102802735624139       1.06030358455265501E-002
       23850   2.0131790406306864       1.86124816743567477E-002  0.97711246120591622       1.07352528424224138E-002
       24000   1.9993157335636880       1.86584549566436858E-002   1.0040703813503342       1.07910089240050369E-002
       24150   2.0220224426747797       1.88331309263311646E-002   1.0025283825662337       1.07197043186149019E-002
       24300   1.9509745096832090       1.82798224024061130E-002  0.96911596787914756       1.01927185597419801E-002
       24450   1.9748072290895449       1.80172352087389215E-002  0.98398802824001486       1.05032729976742185E-002
       24600   1.9858428870934013       1.84792452021504128E-002  0.98029764444848100       1.04533544120145715E-002
       24750   2.0026909680718457       1.84784975092032733E-002  0.99562365155323174       1.05859242379534365E-002
       24900   2.0322014771972623       1.85026323549255210E-002  0.99432448718031974       1.03212775406817149E-002
       25050   1.9932781153128094       1.80589000928583071E-002  0.97706092903815567       1.01559085608565903E-002
       25200   1.9970815058434526       1.81293476542323424E-002  0.98451187113723282       1.04438889268978641E-002
       25350   2.0012751832619093       1.78559436815053374E-002  0.99351926210405916       1.03484070270876242E-002
       25500   2.0252673949150952       1.80691129424735732E-002   1.0091003464267616       1.05053024418335656E-002
       25650   2.0090094743802598       1.81119235920391870E-002  0.98222100312090455       1.02300133881979005E-002
       25800   2.0002701611293090       1.76337371913873990E-002  0.97290734684218416       1.00956132233903529E-002
       25950   1.9948507140407694       1.79095385804545031E-002  0.99113943407352434       1.04286901098122817E-002
       26100   2.0085770307145792       1.79004124035564809E-002  0.99870695037279267       1.04233764533386217E-002
       26250   1.9976241906823804       1.75687895103470021E-002  0.98295804050276836       1.01300580461804665E-002
       26400   1.9905211435239649       1.76762929745096602E-002  0.99359932074017210       1.01964159973397858E-002
       26550   1.9953871230413320       1.77793841298233661E-002  0.98893941991643319       1.01365142116716777E-002
       26700   1.9711391266978702       1.71597574510320601E-002  0.98334249328670220       9.96198126609439821E-003
       26850   1.9890489267922500       1.75963117231543557E-002  0.98570119826821390       1.00174167819265525E-002
       27000   1.9955758857328088       1.75692355407881876E-002  0.99706722912947687       1.00101098449358605E-002
       27150   2.0163346282337784       1.77110986346573733E-002  0.98227242471883380       9.92220269970213627E-003
       27300   2.0087554454614165       1.74830397063164521E-002  0.97949391372455108       9.86583960074629077E-003
       27450   1.9604411235487837       1.71241865383537709E-002   1.0076932331587025       9.97400508974072460E-003
       27600   2.0034459149771022       1.74232625571654511E-002  0.99545341256916853       9.89830780926550385E-003
       27750   2.0052111577386715       1.73323371254631500E-002   1.0032724479842334       1.00233905204488039E-002
       27900   2.0023777516546670       1.73227862470859521E-002  0.99643402139476855       9.90280057004502140E-003
       28050   2.0139808473294774       1.73959982527000269E-002  0.97740275260058984       9.76226189489371420E-003
       28200   1.9987226294924638       1.72331559178143141E-002  0.97912376211364860       9.66829095055726437E-003
       28350   2.0055304422800426       1.73103116094736609E-002  0.99290874397354678       9.95139887329839733E-003
       28500   2.0330368681769664       1.71716825243314782E-002   1.0004566780460689       9.80037970259577985E-003
       28650   2.0188026468037630       1.71314975227015234E-002  0.99709962881178560       9.72584020222584146E-003
       28800   2.0250136282982951       1.72922857110560831E-002   1.0032597190669255       9.67736409755799026E-003
       28950   2.0017672479716793       1.69537142841785470E-002  0.98269967332607611       9.55742339611445786E-003
       29100   1.9826626116115194       1.67880943758963695E-002  0.98611823249255648       9.83026111839153949E-003
       29250   1.9965137470720840       1.66376226585770344E-002  0.99730268924709242       9.66178467991238993E-003
       29400   2.0313575399385901       1.70861611732440362E-002  0.99150166448668775       9.68843287640829519E-003
       29550   2.0159456020963740       1.66807669173608224E-002  0.98056700962551169       9.46569481267584174E-003
       29700   2.0008087258726706       1.68850425959438076E-002  0.98502958410240027       9.60121493704368771E-003
       29850   1.9714656545178630       1.64739788213990705E-002  0.98912507999365262       9.49133567928595566E-003
       30000   2.0284571025117679       1.68443142033985888E-002  0.97851481727429857       9.48600429373035701E-003
       30150   1.9953008513831689       1.66286297545087183E-002  0.99614970619979604       9.50248163102956379E-003
       30300   2.0000558951913665       1.64790973286265408E-002   1.0039200304774307       9.63364677420313134E-003
       30450   1.9890967741610301       1.62387524158023946E-002   1.0004684871075149       9.69582342634606013E-003
       30600   1.9931184690216861       1.63241691772689559E-002  0.98719786067888982       9.35663593183644858E-003
       30750   2.0192380774199736       1.64849787869802318E-002   1.0022618394161364       9.65090104796324268E-003
       30900   2.0031256037904073       1.61554461012449677E-002  0.98017178806864802       9.36758593705167876E-003
       31050   1.9902494394325538       1.61518696225652660E-002  0.99317390770072400       9.38086601591191921E-003
       31200   2.0050126364674878       1.61740605702128983E-002  0.98757463171413129       9.23747476425949496E-003
       31350   2.0003030960200152       1.63082909629357793E-002  0.98469200857261552       9.27241339883337276E-003
       31500   2.0158457675749140       1.62315029125842010E-002   1.0028874594177926       9.39603308262632053E-003
       31650   1.9936705175134901       1.62254974308032110E-002  0.96791501842606398       9.00971253017188688E-003
       31800   2.0095188143189624       1.60295666031042387E-002  0.99894756403497675       9.44096357771719713E-003
       31950   1.9856961018054569       1.61224794956038170E-002  0.96990159900837181       8.99485186126556743E-003
       32100   1.9852834361646470       1.59386151933957367E-002  0.99222880938378077       9.20172877177362868E-003
       32250   2.0000037986159493       1.59560217111820168E-002  0.99496051961473664       9.16999082086678366E-003
       32400   1.9840843923810445       1.57791362855790873E-002   1.0012363417921151       9.19089210107240304E-003
       32550   1.9902681931219723       1.60457087162289014E-002  0.98553301153193518       9.13930512540877572E-003
       32700   2.0073695035036212       1.60933362113283157E-002   1.0010499636797014       9.25239909144401698E-003
       32850   2.0005376292006898       1.58058674489574037E-002  0.99213625990561727       9.12106816038789348E-003
       33000   1.9774074282068408       1.57068763657617974E-002   1.0072777216013571       9.11592889468044315E-003
       33150   1.9955069220125539       1.58089904914153721E-002  0.99080320029814317       9.11524582894562320E-003
       33300   1.9767498978301588       1.54734431247910958E-002  0.97789577269562344       8.99357600520175014E-003
       33450   1.9910834790450596       1.55574711266269032E-002  0.98082915642473756       9.01800185031405126E-003
       33600   2.0010558101004579       1.57321345845737905E-002  0.99742884027672885       8.99889656221745590E-003
       33750   1.9813487481772383       1.54687894375914840E-002                       NaN                       NaN
       33900   1.9857961734496186       1.56142874377646537E-002  0.99627051959584956       8.95266669453359185E-003
       34050   2.0147673393790457       1.57007449468495042E-002  0.97620131276703348       8.85649960127316005E-003
       34200   1.9905785279043418       1.57037025479441067E-002  0.97616129822376096       8.70390866440666836E-003
       34350   1.9926136403786594       1.54890273032131133E-002  0.97897111619060606       8.65768256848190552E-003
       34500   1.9913596523032651       1.54314318956455809E-002  0.99136473741037034       8.86975346925169758E-003
       34650   1.9916265224583141       1.53850319900806221E-002  0.99093978901764967       8.73775102558032278E-003
       34800   2.0159273163173181       1.55158333988310079E-002  0.99470153880512135       8.86827965203128635E-003
       34950   2.0171418865022810       1.54597989819287435E-002  0.97429109325054686       8.72450839004331423E-003
       35100   1.9915264689175700       1.53265832637134742E-002  0.99929195697533502       8.77328292505876080E-003
       35250   1.9976340643080948       1.55259212263150967E-002  0.99386295779128575       8.83784604655308073E-003
       35400   2.0049592483120811       1.51609467321563145E-002  0.99725908978961020       8.81938925707133857E-003
       35550   2.0058581768529002       1.52572882766517023E-002                       NaN                       NaN
       35700   2.0106034101843724       1.52063175218073651E-002  0.98912438421089866       8.67863155554892546E-003
       35850   2.0006298674602432       1.51707919923608006E-002  0.99015858227102282       8.67704405686602585E-003
       36000   2.0110471477340943       1.52014908638718662E-002  0.98584501324355689       8.54785541681941409E-003
       36150   2.0444269503956845       1.56596372191753069E-002  0.98125851097710926       8.50250273530588074E-003
       36300   1.9844820322723555       1.49024770474357800E-002   1.0010078862565426       8.67421129707893548E-003
       36450   1.9963110233526922       1.51874027229467103E-002  0.98898270511523223       8.53495218176996556E-003
       36600   1.9606365196682647       1.46928973734155709E-002  0.98975341903958292       8.57613077271843390E-003
       36750   1.9845417477643386       1.48877158171453524E-002  0.97992529168720977       8.52453753673901651E-003
       36900   1.9849220031428390       1.49783736992488391E-002  0.99173613254896642       8.61422364506709941E-003
       37050   2.0260748050957482       1.52145307424133534E-002  0.98442246412678736       8.58382265473596126E-003
       37200   2.0011476318755257       1.49650751607062517E-002  0.99303927311365370       8.54407707805815778E-003
       37350   1.9995517657037936       1.49662264350058968E-002  0.99778519756732154       8.57998676526096349E-003
       37500   1.9952259676596169       1.47231399911495527E-002  0.98322419134323635       8.44358243327955962E-003
       37650   1.9929406961555920       1.47115704135607917E-002  0.97517967198537880       8.32040957607108403E-003
       37800   1.9874487888818693       1.48655201987252447E-002  0.98731106736525465       8.41668235466245911E-003
       37950   1.9922784273265581       1.46670386005604229E-002  0.96918671013803204       8.29280188949592725E-003
       38100   1.9997295052808397       1.47650700833619683E-002  0.98453360556231850       8.37721194769078942E-003
       38250   1.9916319713131740       1.46566938516376304E-002  0.97822192573273670       8.37456939963192662E-003
       38400   1.9813223426727502       1.48512681865399041E-002  0.98796823613305473       8.40106809974502065E-003
       38550   1.9867654295299240       1.45897693169522533E-002  0.98739083813360828       8.34026877130072432E-003
       38700   2.0136196474052737       1.46803252544163796E-002  0.98667301900300519       8.33646683666014118E-003
       38850   1.9946060969859745       1.45953450468691796E-002  0.98438214704837712       8.21160424446265233E-003
       39000   2.0133189254786159       1.46024072286813807E-002  0.99107007466496522       8.41467679479145948E-003
       39150   1.9917990137577926       1.44066048330749735E-002  0.99429810102772453       8.38579255979600251E-003
       39300   2.0010400588058501       1.45193207317409652E-002   1.0007415131384447       8.44174778175233592E-003
       39450   2.0023125606995755       1.44886595741842306E-002  0.99028066625125932       8.23831132998531501E-003
       39600   2.0189320242139153       1.46877885251131112E-002  0.99709164348185941       8.31237387622014989E-003
       39750   2.0151615099832894       1.48566768998820986E-002  0.99308566675000864       8.30846204728138277E-003
       39900   2.0116818414852666       1.45320839564492699E-002  0.99465934256496191       8.32030395985452857E-003
       40050   2.0152366946661342       1.44383139769998694E-002  0.99620357549691019       8.33576099565788188E-003
       40200   2.0295662835704213       1.44656983811126631E-002  0.99229998379146811       8.14918014667746597E-003
       40350   1.9841310665093503       1.41999499019296628E-002  0.99445539947744532       8.11167087131140115E-003
       40500   2.0055367824352603       1.43440675216324840E-002  0.98064567285595394       8.01297113622504581E-003
       40650   1.9894031767225628       1.40589831538608778E-002   1.0109984414364845       8.30836543627477657E-003
       40800   1.9946161201905281       1.43800020219903082E-002   1.0000174349245865       8.21017931921432485E-003
       40950   1.9541771366037941       1.39878891551771366E-002  0.98662345474014035       8.18020711475754732E-003
       41100   2.0057558854071567       1.41392083979936210E-002  0.98494405304160249       8.09120735109079142E-003
       41250   2.0024936096080235       1.41043200030183911E-002  0.99606644119399801       8.11162858517502916E-003
       41400   1.9897094009110303       1.40860110604280591E-002  0.98003143036265739       8.01234790832186690E-003
       41550   2.0032713439261940       1.42143527287690429E-002  0.98687981536578384       8.03522619187944410E-003
       41700   1.9974919628368422       1.42108616520697419E-002  0.99025981496127724       8.02932382786175104E-003
       41850   1.9745105204268194       1.38301978781995571E-002  0.98915013656109063       8.14644843694668601E-003
       42000   1.9996241151160543       1.40584679958953348E-002  0.98732862155391043       7.96527173037130110E-003
       42150   1.9814030975672412       1.39111149791167968E-002  0.99566286539450122       8.04094674033496888E-003
       42300   2.0013176811373143       1.37795368655160150E-002  0.98763082789852186       8.03784185994577648E-003
       42450   2.0019067332480240       1.39920884485708052E-002  0.99906488205490984       7.90786610931858321E-003
       42600   2.0016282879756839       1.40220662632525150E-002  0.99222311106665340       7.93838578777315146E-003
       42750   1.9777693888242749       1.39398022259731511E-002  0.99688870594543777       7.96050949878405502E-003
       42900   2.0052720277295806       1.38239131869486755E-002  0.99071897562055355       8.04539010210112739E-003
       43050   1.9801151974926823       1.37075085529358310E-002  0.99146092463971769       7.85235975442440462E-003
       43200   2.0037173612082619       1.39472521658089328E-002  0.99987629968229497       8.01526921679041569E-003
       43350   2.0049634692331826       1.37898565407007026E-002  0.99138747713722308       7.88670690586829731E-003
       43500   1.9815339692380813       1.35269116473263323E-002   1.0020539830748940       7.95081642451258772E-003
       43650   2.0125838272939278       1.39399533415362435E-002  0.99635264652599265       7.92193945901490185E-003
       43800   2.0227645585882938       1.38872406462741127E-002  0.98923975478501180       7.93076581298310032E-003
       43950   1.9966519040749708       1.36831260518042140E-002  0.98519011487053176       7.81326396427514669E-003
       44100   2.0021610839625912       1.36949983069747285E-002  0.99367186005480124       7.88854204107061231E-003
       44250   2.0163497730231357       1.36700381353435183E-002  0.98820047955607471       7.90077647984593380E-003
       44400   2.0036567690311533       1.36981642533672461E-002  0.98725354151788869       7.77006021339587613E-003
       44550   2.0235689556748420       1.39008268541585458E-002  0.99538806868124730       7.81748919109231596E-003
       44700   2.0294889995446925       1.38411689367751219E-002  0.99735347240661976       7.96422486909015639E-003
       44850   1.9899362384531720       1.35058293215622148E-002  0.98764490593021848       7.71471674930757773E-003
       45000   1.9926356690621572       1.34071633116608861E-002  0.98413747228822301       7.70732741055500051E-003


 #1 N,I2,ERROR_2
       10000  0.49909839251753729       3.52466399754836762E-003
       20000  0.49845084529215494       2.49817047971859262E-003
       30000  0.49870316928489267       2.04088915931131690E-003
       40000  0.49869395203290035       1.76999894309212312E-003
       50000  0.49988153711260858       1.58363129684678571E-003
       60000  0.50049035917347384       1.44522538702242720E-003
       70000  0.50002454031999743       1.33787054755216952E-003
       80000  0.49996777436947903       1.25150913244831820E-003
       90000  0.50015867055479724       1.17928707603901623E-003
      100000  0.49997323212244971       1.11836914485584880E-003
      110000  0.49978397724308776       1.06684959894796797E-003
      120000  0.50013268144507550       1.02086442776629658E-003
      130000  0.50003071838583135       9.80425113824703832E-004
      140000  0.49995694987587486       9.44923895391043068E-004
      150000  0.49959146884985733       9.12943359801714725E-004
      160000  0.49968244720855137       8.83956444707644277E-004
      170000  0.49942942969884735       8.57702355644448145E-004
      180000  0.49915973546485537       8.33500814920017249E-004
      190000  0.49918696517284783       8.11175392628707458E-004
      200000  0.49913914183193214       7.90529494639948568E-004
      210000  0.49938334182037059       7.71510943091613909E-004
      220000  0.49931919214784443       7.53985051784261543E-004
      230000  0.49960350285323279       7.37528368093683453E-004
      240000  0.49949569546590600       7.22155028170771854E-004
      250000  0.49938856853655966       7.07577226710124122E-004
      260000  0.49954111828402897       6.93732570853496924E-004
      270000  0.49951955554278771       6.80704742789379883E-004
      280000  0.49963099995476190       6.68484654120343291E-004
      290000  0.49987002822579463       6.56820507376672377E-004
      300000  0.49970792516876206       6.45762686978658125E-004
      310000  0.49989806954514154       6.35270577425460048E-004
      320000  0.49991742589177063       6.25222812213658131E-004
      330000  0.50005034188267716       6.15548701678663899E-004
      340000  0.50022988478969488       6.06337898028133280E-004
      350000  0.50015120788868028       5.97591007828623998E-004
      360000  0.50002703359130185       5.89283290724848942E-004
      370000  0.49987882199699735       5.81160447775128986E-004
      380000  0.50007219842878570       5.73470931518988108E-004
      390000  0.49985260241810719       5.65956677538850383E-004
      400000  0.49967639074550907       5.58826967687678475E-004
      410000  0.49980446896443426       5.51916462801875876E-004
      420000  0.49972313869613072       5.45308667966160239E-004
      430000  0.49967322861824265       5.39016948654645308E-004
      440000  0.49980981184658985       5.32829848951774944E-004
      450000  0.49982900100819594       5.26846276208994347E-004
      460000  0.49981040045960196       5.21102286704871391E-004
      470000  0.49988570323819681       5.15538900116828359E-004
      480000  0.49996757826014948       5.10162645092636195E-004
      490000  0.49994952874981297       5.04955624140774511E-004
      500000  0.49989472052677020       4.99955855276698591E-004
      510000  0.49993631502013963       4.95064697527528822E-004
      520000  0.49997262262326619       4.90400672936134869E-004
      530000  0.50007927412932018       4.85740154036781073E-004
      540000  0.50011980504670328       4.81267604803792563E-004
      550000  0.50013570016155551       4.76913402203006122E-004
      560000  0.50012623981541515       4.72585330016071249E-004
      570000  0.50022825171037943       4.68403769685456586E-004
      580000  0.50022811003973189       4.64361443675510442E-004
      590000  0.50019856549701103       4.60445436673843813E-004
      600000  0.50020180683243998       4.56560637386623685E-004
      610000  0.50016755454778228       4.52783553414368481E-004
      620000  0.50018957009757592       4.49089751622850015E-004
      630000  0.50017010185125432       4.45494453273415493E-004
      640000  0.50021692813064833       4.41959513482440610E-004
      650000  0.50013694610260739       4.38523286108942055E-004
      660000  0.50004686370739748       4.35191103215908505E-004
      670000  0.50010285345230987       4.31937537739851963E-004
      680000  0.50000476991423182       4.28764308542584267E-004
      690000  0.50005883909209048       4.25665484298492569E-004
      700000  0.50006703438220235       4.22613282335682896E-004
      710000  0.50015319366837008       4.19609975451682143E-004
      720000  0.50010888815467813       4.16679268814810404E-004
      730000  0.50004997945100693       4.13783018070446431E-004
      740000  0.50013063119662704       4.10990727855333371E-004
      750000  0.50011221707779252       4.08251340049819241E-004
      760000  0.50010499631776872       4.05606960577473879E-004
      770000  0.50015155967214342       4.02956426720878680E-004
      780000  0.50014826710328630       4.00379048757278457E-004
      790000  0.50009000429716943       3.97863364831759294E-004
      800000  0.50013234611462076       3.95365833888403810E-004
      810000  0.50009619327151489       3.92893669127335524E-004
      820000  0.50009934265387912       3.90488830115934575E-004
      830000  0.50011200989004634       3.88126500721983655E-004
      840000  0.50012932231734541       3.85801351648279683E-004
      850000  0.50015537137970190       3.83530608423649280E-004
      860000  0.50014605405953860       3.81291919489143156E-004
      870000  0.50008838156792990       3.79106493636446320E-004
      880000  0.50011766435166849       3.76940110284408429E-004
      890000  0.50014009602569853       3.74834403370391121E-004
      900000  0.50013868221995283       3.72744714007805132E-004
      910000  0.50014645365438548       3.70687922273771374E-004
      920000  0.50015591917137214       3.68664566358783269E-004
      930000  0.50008719362793663       3.66688174175199108E-004
      940000  0.50005031754296003       3.64712609732457612E-004
      950000  0.50007249322221958       3.62773318561197160E-004
      960000  0.50002981984258443       3.60876279752846043E-004
      970000  0.50005829831578907       3.59015768917799241E-004
      980000  0.49999874681398182       3.57186768552577650E-004
      990000  0.49997514853957659       3.55393249238948291E-004
     1000000  0.49996663682557113       3.53610476262074724E-004


 #2 N,I3,error_3
       10000   3.1457999999999999       4.34451378177121220E-002
       20000   3.1478999999999999       3.07306036387181916E-002
       30000   3.1372000000000000       2.50487524639451849E-002
       40000   3.1564500000000000       2.17593083529785021E-002
       50000   3.1339199999999998       1.93925346460951317E-002
       60000   3.1545000000000001       1.77609121387388227E-002
       70000   3.1326857142857141       1.63864553326015829E-002
       80000   3.1518750000000000       1.53749999999999980E-002
       90000   3.1383333333333332       1.44645159691647561E-002
      100000   3.1451400000000000       1.37371176015931382E-002
      110000   3.1312909090909091       1.30689588701783446E-002
      120000   3.1627500000000000       1.25752733568698215E-002
      130000   3.1434923076923078       1.20450927914661395E-002
      140000   3.1314000000000002       1.15845956831845103E-002
      150000   3.1409199999999999       1.12087822710587089E-002
      160000   3.1439249999999999       1.08580471310452502E-002
      170000   3.1411411764705881       1.05291882986474176E-002
      180000   3.1318333333333332       1.02173599547262916E-002
      190000   3.1526526315789472       9.97784804071227133E-003
      200000   3.1383000000000001       9.70304076050389382E-003
      210000   3.1480571428571427       9.48390688460817692E-003
      220000   3.1356000000000002       9.24750580623573404E-003
      230000   3.1424086956521737       9.05405318169786623E-003
      240000   3.1433499999999999       8.86474759933975585E-003
      250000   3.1433520000000001       8.68564608995784498E-003
      260000   3.1380461538461537       8.50978552633037920E-003
      270000   3.1442222222222220       8.35892367103992576E-003
      280000   3.1406357142857142       8.20361729572350630E-003
      290000   3.1368206896551722       8.05603738860854145E-003
      300000   3.1403400000000001       7.92507413214538908E-003
