 # Cas A
  0.29999999999999999        0.0000000000000000     
  0.29968273572887627       2.66015527474529161E-002
  0.29873172517183877       5.31396716289870424E-002
  0.29714931090557262       7.95512331098654074E-002
  0.29493938381299667       0.10577372894637209     
  0.29210736316861602       0.13174556061116027     
  0.28866016915837556       0.15740631837631347     
  0.28460618822361883       0.18269704077826798     
  0.27995523171506936       0.20756045084682079     
  0.27471848842842855       0.23194116623337946     
  0.26890847166651505       0.25578588118333079     
  0.26253896153249484       0.27904351912539199     
  0.25562494320368762       0.30166535546066192     
  0.24818254196509254       0.32360511089369581     
  0.24022895579596082       0.34481901633106615     
  0.23178238630163633       0.36526585096019365     
  0.22286196876702835       0.38490695560057520     
  0.21348770207833193       0.40370622378570464     
  0.20368037921710780       0.42163007328802221     
  0.19346151897694031       0.43864740094740440     
  0.18285329948915149       0.45472952371628333     
  0.17187849407212727       0.46985010880444489     
  0.16056040984044814       0.48398509570839815     
  0.14892282942697402       0.49711261275886071     
  0.13698995608505790       0.50921289062983244     
  0.12478636235084224       0.52026817503726708     
  0.11233694235872868       0.53026264062621487     
  9.96668678180941681E-002  0.53918230781234933     
  8.68015475775170964E-002  0.54701496411484973     
  7.37665906253967552E-002  0.55375009129856789     
  6.05877723039765850E-002  0.55937879943828195     
  4.72910034483496680E-002  0.56389376882896969     
  3.39023021038276084E-002  0.56728920049429599     
  2.04477674247523569E-002  0.56956077589053788     
  6.95355531596140997E-003  0.57070562626358978     
 -6.55414465489689672E-003  0.57072231199032664     
 -2.00491315698427749E-002  0.56961081211965725     
 -3.35052152079318502E-002  0.56737252421985784     
 -4.68962383425271592E-002  0.56401027453373098     
 -6.01960997988519181E-002  0.55952833833813975     
 -7.33787787680306169E-002  0.55393247029588810     
 -8.64183608502598483E-002  0.54722994447223305     
 -9.92890662670035673E-002  0.53942960356230096     
 -0.11196528064049494       0.53054191673652273     
 -0.12442158868876729       0.52057904535671418     
 -0.13663281112646444       0.50955491564419353     
 -0.14857404499645141       0.49748529719296058     
 -0.16022070758555190       0.48438788601628940     
 -0.17154858400050660       0.47028239059640808     
 -0.18253387839855087       0.45519061917821441     
 -0.19315326878206915       0.43913656631503128     
 -0.20338396517995361       0.42214649644502739     
 -0.21320377095106235       0.40424902206089913     
 -0.22259114685913614       0.38547517384440455     
 -0.23152527748537885       0.36585845998464223     
 -0.23998613946637937       0.34543491179902464     
 -0.24795457097291490       0.32424311274362960     
 -0.25541234178116862       0.30232420794954901     
 -0.26234222323368750       0.27972189156704047     
 -0.26872805734454502       0.25648236945008424     
 -0.27455482427303002       0.23265429507675525     
 -0.27980870737390101       0.20828867707686019     
 -0.28447715503069421       0.18343875732255457     
 -0.28854893849229979       0.15815985921820414     
 -0.29201420496222347       0.13250920658344248     
 -0.29486452523444018       0.10654571433218019     
 -0.29709293522894931       8.03297529782770470E-002
 -0.29869397085308375       5.39228898093978282E-002
 -0.29966369569996060       2.73876103257388592E-002
 -0.29999972119148605       7.87024201716848837E-004
 -0.29970121887803508      -2.58154394386370910E-002
 -0.29876892471804922      -5.23563422671107642E-002
 -0.29720513527588011      -7.87725471563312241E-002
 -0.29501369589267512      -0.10500152337745067     
 -0.29219998100034050      -0.13098164140831253     
 -0.28877086686004338      -0.15665245253454679     
 -0.28473469711186788      -0.18195494895009598     
 -0.28010124161883682      -0.20683180071839108     
 -0.27488164917452895      -0.23122756670606040     
 -0.26908839471723911      -0.25508887740965269     
 -0.26273522175367386      -0.27836458842384110     
 -0.25583708074055639      -0.30100590411045047     
 -0.24841006420262887      -0.32296647178915150     
 -0.24047133938018173      -0.34420244745637818     
 -0.23203907919857814      -0.36467253462938976     
 -0.22313239233681181      -0.38433799839504290     
 -0.21377125314278222      -0.40316265711236871     
 -0.20397643210082664      -0.42111285447533775     
 -0.19376942750347109      -0.43815741479337378     
 -0.18317239891588877      -0.45426758440240406     
 -0.17220810294985006      -0.46941696209143441     
 -0.16089983178575015      -0.48358142133328186     
 -0.14927135479837006      -0.49673902695810884     
 -0.13734686355611436      -0.50886994871928048     
 -0.12515092037626191      -0.51995637398617445     
 -0.11270841053186897      -0.52998242156969266     
 -0.10004449812087296      -0.53893405845325382     
 -8.71845855260217489E-002 -0.54679902097289002     
 -7.41542763167261504E-002 -0.55356674177067089     
 -6.09793413718836552E-002 -0.55922828364009813     
 -4.76856879370864475E-002 -0.56377628119274481     
 -3.42993312712058726E-002 -0.56720489110316641     
 -2.08463684868016828E-002 -0.56950975153366168     
 -7.35295414667963033E-003 -0.57068795120045179     
  6.15472285435995567E-003 -0.57073800841612721     
  1.96504616176561148E-002 -0.56965986032700366     
  3.31080712885054793E-002 -0.56745486245512389     
  4.65013933386741463E-002 -0.56412579854953571     
  5.98043245942530485E-002 -0.55967690064653741     
  7.29908415056192139E-002 -0.55411387913015553     
  8.60350261329742572E-002 -0.54744396246869709     
  9.89110942884522393E-002 -0.53967594617754988     
  0.11159342623443325      -0.53082025041967285     
  0.12405660028788212      -0.52088898550120655     
  0.13627542962278474      -0.50989602434890724     
  0.14822500249772899      -0.49785708086824004     
  0.15988072606416151      -0.48478979287675378     
  0.17121837383376770      -0.47071380808904467     
  0.18221413680184309      -0.45565087140111682     
  0.19284467813865896      -0.43962491148902449     
  0.20308719127403146      -0.42266212450706608     
  0.21291946111306009      -0.40479105245421820     
  0.22231992803490597      -0.38604265358556761     
  0.23126775424321686      -0.36645036209146647     
  0.23974289195811568      -0.34605013416541863     
  0.24772615286731792      -0.32488047754722366     
  0.25519927818967097      -0.30298246167521403     
  0.26214500864988904      -0.28039970572362449     
  0.26854715362003928      -0.25717834204869089     
  0.27439065865279821      -0.23336695292652707     
  0.27966167061479175      -0.20901647893855638     
  0.28434759962633477      -0.18418009794147649     
  0.28843717702715777      -0.15891307423667647     
  0.29192050861645225      -0.13327257830977329     
  0.29478912245961092      -0.10731747831865886     
  0.29703601061281881      -8.11081053363427174E-002
  0.29865566418920481      -5.47059951667394212E-002
  0.29964410127525515      -2.81736103089170013E-002
  0.29999888730192642      -1.57404631002449127E-003
  0.29971914757937851       2.50292727159709266E-002
  0.29880557181521489       5.15729042468649271E-002
  0.29726041055112173       7.79936978299659717E-002
  0.29508746356926296       0.10422910050950338     
  0.29229206043509998       0.13021745201338600     
  0.28888103345488131       0.15589826486856664     
  0.28486268343141902       0.18121248513398169     
  0.28024673869864936       0.20610273009136423     
  0.27504430800183288       0.23051349998259141     
  0.26926782786435083       0.25439136168966819     
  0.26293100514252199       0.27768510308140160     
  0.25604875551568818       0.30034585756269006     
  0.24863713868938808       0.32232719912572372     
  0.24071329110453701       0.34358520889066252     
  0.23229535694531622       0.36407851471675579     
  0.22340241822347034       0.38376830595080869     
  0.21405442468775548       0.40261832575278950     
  0.20427212426549443       0.42059484369891659     
  0.19407699468993589       0.43766661151674924     
  0.18349117690390959       0.45380480486469676     
  0.17253741075878443       0.46898295404281359     
  0.16123897344970403       0.48317686642720525     
  0.14961962104526016       0.49636454327175605     
  0.13770353338391433       0.50852609333272469     
  0.12551526252228615       0.51964364555744724     
  0.11307968483349917       0.52970126284976882     
  0.10042195676860949       0.53868485869185001     
  8.75674742121075877E-002  0.54658211817263591     
  7.45418352848102872E-002  0.55338242475351418     
  6.13708063752337468E-002  0.55907679389566278     
  4.80802911147018147E-002  0.56365781448371532     
  3.46963019527995048E-002  0.56711959880762164     
  2.12449339389962771E-002  0.56945774170864727     
  7.75234027388344710E-003  0.57066928935501826     
 -5.75529084007756798E-003  0.57075271798564264     
 -1.92517585427903481E-002  0.56970792284386595     
 -3.27108713652442193E-002  0.56753621741414417     
 -4.61064694977132428E-002  0.56424034296935444     
 -5.94124477883494415E-002  0.55982448833156906     
 -7.26027799694789894E-002  0.55429431964084885     
 -8.56515445858947455E-002  0.54765701981144266     
 -9.85329530672269249E-002  0.53992133722945845     
 -0.11122138034537493       0.53109764310776042     
 -0.12369139836840998       0.52119799676031275     
 -0.13591781280483639       0.51023621788796758     
 -0.14787570316727941       0.49822796478033260     
 -0.15954046651332998       0.48519081713459561     
 -0.17088786480434437       0.47114436197424020     
 -0.18189407592153209       0.45611028092231476     
 -0.19253574825388028       0.44011243685102336     
 -0.20279005868570396       0.42317695769956515     
 -0.21263477372436004       0.40533231503502282     
 -0.22204831342250975       0.38660939473826000     
 -0.23100981766594150       0.36704155704142971     
 -0.23949921431911622       0.34666468304021886     
 -0.24749728864803239       0.32551720476727120     
 -0.25498575337547313       0.30364011595792251     
 -0.26194731866886589       0.28107696077861255     
 -0.26836576131741341       0.25787379803266641     
 -0.27422599232422418       0.23407913871422925     
 -0.27951412212204257       0.20974385525055497     
 -0.28421752261873656       0.18492106135097566     
 -0.28832488529151601       0.15966596205619427     
 -0.29182627457714161       0.13403567433532865     
 -0.29471317584898332       0.10808901938475174     
 -0.29697853733014218       8.18862886105731769E-002
 -0.29861680536401375       5.54889860894918346E-002
 -0.29962395254831753       2.89595510622837893E-002
 -0.29999749833406325       2.36106468215795118E-003
 -0.29973652179517862      -2.42430542186404321E-002
 -0.29884166638533516      -5.07893591958582524E-002
 -0.29731513661342801      -7.72146867390038211E-002
 -0.29516068668562589      -0.10345646192392420     
 -0.29238360127729135      -0.12945299397391954     
 -0.28899066870979395      -0.15514375688559609     
 -0.28499014691282787      -0.18046965079101113     
 -0.28039172265000822      -0.20537324037557236     
 -0.27520646457221520      -0.22979896741718167     
 -0.26944677073764167      -0.25369333531836419     
 -0.26312631129838537      -0.27700506433101019     
 -0.25625996709969656      -0.29968521698619321     
 -0.24886376496901785      -0.32168729400674650     
 -0.24095481048750877      -0.34296730167109202     
 -0.23255121903698112      -0.36348379219323351     
 -0.22367204590059192      -0.38319787917305853     
 -0.21433721616708337      -0.40207323054734539     
 -0.20456745514693392      -0.42007604173567548     
 -0.19438421995584257      -0.43717499183265396     
 -0.18380963285803548      -0.45334118575840765     
 -0.17286641689061796      -0.46854808525604608     
 -0.16157783421233177      -0.48277143153205565     
 -0.14996762753737902      -0.49598916218837030     
 -0.13805996492918979      -0.50818132490766688     
 -0.12587938814183383      -0.51932999013972192     
 -0.11345076460982037      -0.52941916480831863     
 -0.10079924310179089      -0.53843470882522371     
 -8.79502129714650055E-002 -0.54636425596819049     
 -7.49292668613799340E-002 -0.55319714045983437     
 -6.17621666425632668E-002 -0.55892433037774902     
 -4.84748123072408083E-002 -0.56353836883586395     
 -3.50932134728136960E-002 -0.56703332370378301     
 -2.16434631043133444E-002 -0.56940474647442896     
 -8.15171301990684667E-003 -0.57064964074944935     
  5.35584928978829859E-003 -0.57076644068440674     
  1.88530230224866965E-002 -0.56975499961903142     
  3.23136161143094403E-002 -0.56761658900857359     
  4.57114674941178287E-002 -0.56435390766706128     
  5.90204700532800386E-002 -0.55997110122842453     
  7.22145948287178235E-002 -0.55447379162332444     
  8.52679168743403909E-002 -0.54786911625461132     
  9.81546432640292149E-002 -0.54016577642935659     
  0.11084914362849620      -0.53137409446751327     
  0.12332598357900769      -0.52150607875419930     
  0.13555996131367179      -0.51057549583288386     
  0.14752614763737129      -0.49859794844989352     
  0.15919992955526771      -0.48559095825736065     
  0.17055705752302011      -0.47157405166416522     
  0.18157369635551526      -0.45656884709638174     
  0.19222647971119999      -0.44059914169588676     
  0.20249256798238568      -0.42369099525572052     
  0.21234970933463562      -0.40587280897313754     
  0.22177630355213579      -0.38717539640753962     
  0.23075146826247123      -0.36763204387381632     
  0.23925510703521982      -0.34727855739639341     
  0.24726797877600037      -0.32615329331041820     
  0.25477176777281441      -0.30429716963859726     
  0.26174915369637980      -0.28175365550846909     
  0.26818388081222810      -0.25856873611599646     
  0.27406082563101597      -0.23479085109409906     
  0.27936606220594984      -0.21047080461084572     
  0.28408692428333759      -0.18566164609706678     
  0.28821206352463868      -0.16041852117582170     
  0.29173150304621559      -0.13479849311795786     
  0.29463668556614003      -0.10886033595347794     
  0.29692051550533827      -8.26643011961081670E-002
  0.29857739446213366      -5.62718609523308808E-002
  0.29960324956354278      -2.97454309478138099E-002
  0.29999555429183661      -3.14807767537119906E-003
  0.29975334148890265       2.34567855860508545E-002
  0.29887720835159598       5.00057087421530294E-002
  0.29736931334610123       7.64355154923589963E-002
  0.29523336508578080       0.10268360920300215     
  0.29247460333243647       0.12868826883854712     
  0.28909977239277940       0.15438893009413560     
  0.28511708728770746       0.17972644738371013     
  0.28053619316943162       0.20464333298242832     
  0.27536811854852400       0.22908397036573941     
  0.26962522296782943       0.25299479959252219     
  0.26332113982148708       0.27632447340747107     
  0.25647071506402064       0.29902398355169063     
  0.24908994258593861       0.32104675753750200     
  0.24119589704829836       0.34234872683679879     
  0.23280666496936903       0.36288836803171781     
  0.22394127484237694       0.38262671896891043     
  0.21461962703515772       0.40152737233831293     
  0.20486242418147702       0.41955644936438458     
  0.19469110272115908       0.43668255645801135     
  0.18412776618350096       0.45287672774052368     
  0.17319512073740659       0.46811235633027237     
  0.16191641345398156       0.48236511719133096     
  0.15031537364474815       0.49561288419806365     
  0.13841615755292297       0.50783564388308744     
  0.12624329658804029       0.51901540812304936     
  0.11382164920721899       0.52913612778857144     
  0.10117635646106120       0.53818360915175856     
  8.83328011399153179E-002  0.54614543461490417     
  7.53165703782730928E-002  0.55301088910357044     
  6.21534215024941716E-002  0.55877089326029439     
  4.88692508408140047E-002  0.56341794438430659     
  3.54900651555005511E-002  0.56694606588888108     
  2.20419553057593781E-002  0.56935076589103406     
  8.55107170709604875E-003  0.57062900540699024     
 -4.95639888123529555E-003  0.57077917649903753     
 -1.84542557340079162E-002  0.56980109060237927     
 -3.19163062119015989E-002  0.56769597715117415     
 -4.53163880024188490E-002  0.56446649251766046     
 -5.86283920612611642E-002  0.56011673917345406     
 -7.18262867525424342E-002  0.55465229487413648     
 -8.48841436637524926E-002  0.54808025155358642     
 -9.77761655397085816E-002  0.54040926348986640     
 -0.11047671673914919       0.53164960416700668     
 -0.12296035656853872       0.52181323110444056     
 -0.13520187579058338       0.51091385775663700     
 -0.14717633654054960       0.49896703139911580     
 -0.15885911581250053       0.48599021571419976     
 -0.17022595260093587       0.47200287657266227     
 -0.18125299870209188       0.45702656927962804     
 -0.19191687309453359       0.44108502532027094     
 -0.20219471973198888       0.42420423641058019     
 -0.21206426849410870       0.40641253344028544     
 -0.22150389895457312       0.38774065770039889     
 -0.23049270654237844       0.36822182162986877     
 -0.23901057059297304       0.34789175620887713     
 -0.24703822371292530       0.32678874208526920     
 -0.25455732181674862       0.30495362156009298     
 -0.26155051413905883       0.28242978869154306     
 -0.26800151248096038       0.25926315501448194     
 -0.27389515891784555       0.23550208872209730     
 -0.27921749117781841       0.21119732561902746     
 -0.28395580489662520       0.18640185072723647     
 -0.28809871196687620       0.16117075009593584     
 -0.29163619422671677       0.13556103311664397     
 -0.29455965177580928       0.10963142644879309     
 -0.29686194526399312       8.34421414888113083E-002
 -0.29853743156937085       5.70546181304314379E-002
 -0.29958199236651900       3.05312483277474442E-002
 -0.29999305518038355       3.93508364694620388E-003
 -0.29976960662521263      -2.26704684578176822E-002
 -0.29891219763836929      -4.92219545142562817E-002
 -0.29742294063361491      -7.56561856996171983E-002
 -0.29530549861489541      -0.10191054392991292     
 -0.29256506640718222      -0.12792327815698973     
 -0.28920834427292985      -0.15363378600395550     
 -0.28524350428872913      -0.17898287637603735     
 -0.28068014995445606      -0.20391300932491910     
 -0.27552926959458163      -0.22836851018586590     
 -0.26980318418655919      -0.25229575581071279     
 -0.26351549031292787      -0.27564333154745085     
 -0.25668099898092572      -0.29836215843182706     
 -0.24931567108534428      -0.32040559082521752     
 -0.24143655030682709      -0.34172948542887183     
 -0.23306169423894255      -0.36229224320705500     
 -0.22421010452363907      -0.38205482624741299     
 -0.21490165674693121      -0.40098075196986527     
 -0.20515703080596556      -0.41903606736566629     
 -0.19499764240631404      -0.43618930611154427     
 -0.18444557628595401      -0.45241143146977181     
 -0.17352352169157489      -0.46767576786630949     
 -0.16225471055532806      -0.48195792395013948     
 -0.15066285873767599      -0.49523570979249132     
 -0.13877211061634634      -0.50748905069944350     
 -0.12660698721425717      -0.51869989989889365     
 -0.11419233797226673      -0.52885215213510950     
 -0.10155329618722127      -0.53793155997113518     
 -8.87152380534107360E-002 -0.54592565436937335     
 -7.57037451674349715E-002 -0.55282367089986251     
 -6.25445702837339190E-002 -0.55861648271839903     
 -4.92636060415974908E-002 -0.56329654126529050     
 -3.58868563251590195E-002 -0.56685782546125363     
 -2.24404098663700605E-002 -0.56929580001958113     
 -8.95041565780946811E-003 -0.57060738335196870     
  4.55694029216628139E-003 -0.57079092541723520     
  1.80554573546382949E-002 -0.56984619574487771     
  3.15189423342601763E-002 -0.56777438175581174     
  4.49212316972046957E-002 -0.56457809739728304     
  5.82362144845862753E-002 -0.56026140200416497     
  7.14378564102580438E-002 -0.55482982919103363     
  8.45002256196941831E-002 -0.54829042546498963     
  9.73975205552618517E-002 -0.54065179812489805     
  0.11010410033286139      -0.53192417187565955     
  0.12259451798607243      -0.52211945343401456     
  0.13484355687710275      -0.51125130323367529     
  0.14682627050963459      -0.49933521315172602     
  0.15851802590786851      -0.48638858897586446     
  0.16989455064958839      -0.47243083611524117     
  0.18093198355996132      -0.45748344683009584     
  0.19160692898824355      -0.44157008702262474     
  0.20189651450292170      -0.42471668040103971     
  0.21177845175354790      -0.40695148761008404     
  0.22123110016120981      -0.38830517772576140     
  0.23023353301588781      -0.36881088935278483     


 # Cas B
  0.90000000000000002        0.0000000000000000     
  0.89941248405225738       0.10769772618760963     
  0.89765255900395402       0.21438478690256296     
  0.89472805603433758       0.31912047522151210     
  0.89065191665350307       0.42109191229512777     
  0.88544202964547891       0.51965146526947248     
  0.87912100792509906       0.61433106247143887     
  0.87171591029821138       0.70483607452123698     
  0.86325791426883391       0.79102469587611601     
  0.85378194695718668       0.87287959619848610     
  0.84332628185607938       0.95047764333001594     
  0.83193210955830366        1.0239617024586891     
  0.81964309074277775        1.0935166870486703     
  0.80650489962575922        1.1593506066956811     
  0.79256476578444235        1.2216804381164146     
  0.77787102176901979        1.2807221688299750     
  0.76247266326702379        1.3366841962824241     
  0.74641892780589247        1.3897632814980623     
  0.72975889711359065        1.4401423615298909     
  0.71254112733985342        1.4879896594083561     
  0.69481331040720729        1.5334586614186176     
  0.67662196884280956        1.5766886447133741     
  0.65801218556623775        1.6178055291988882     
  0.63902736929645709        1.6569228972854055     
  0.61970905550974587        1.6941430766263901     
  0.60009674224058318        1.7295582180686644     
  0.58022775947569916        1.7632513271230705     
  0.56013717044959010        1.7952972252103379     
  0.53985770280599832        1.8257634289995153     
  0.51941970733932707        1.8547109440494547     
  0.49885114186556900        1.8821949739505646     
  0.47817757768532471        1.9082655491572451     
  0.45742222608215322        1.9329680813503889     
  0.43660598233765457        1.9563438499298100     
  0.41574748483020246        1.9784304274245272     
  0.39486318690736366        1.9992620504410443     
  0.37396743937366289        2.0188699423927137     
  0.35307258160722821        2.0372825937645849     
  0.33218903950368533        2.0545260051316858     
  0.31132542863717227        2.0706238976051146     
  0.29048866122123745        2.0855978948545419     
  0.26968405564234865        2.0994676803620447     
  0.24891544752235747        2.1122511331079217     
  0.22818530144093019        2.1239644444770276     
  0.20749482261277524        2.1346222188040467     
  0.18684406796618766        2.1442375596461254     
  0.16623205620822076        2.1528221435784523     
  0.14565687658732282        2.1603862830493221     
  0.12511579617650584        2.1669389796023051     
  0.10460536559924545        2.1724879685707537     
  8.41215232067163698E-002   2.1770397561705184     
  6.36596977891204646E-002   2.1805996497570983     
  4.32149099662873723E-002   2.1831717818703917     
  2.27818724539503373E-002   2.1847591285608430     
  2.35508944261679162E-003   2.1853635223723642     
 -1.80710446438014753E-002   2.1849856602474054     
 -3.85021467221126831E-002   2.1836251065154983     
 -5.89437466585950587E-002   2.1812802910262197     
 -7.94011886131462397E-002   2.1779485023885043     
 -9.98795318280400468E-002   2.1736258761783662     
 -0.12038345058856988        2.1683073778740947     
 -0.14091713311078760        2.1619867801695691     
 -0.16148417914965912        2.1546566342000801     
 -0.18208749616966996        2.1463082340884374     
 -0.20272919397970743        2.1369315740794890     
 -0.22341047780544726        2.1265152973756307     
 -0.24413153985600689        2.1150466356113502     
 -0.26489144953778798        2.1025113377080800     
 -0.28568804257761399        2.0888935866281559     
 -0.30651780943972334        2.0741759022948916     
 -0.32737578355692903        2.0583390286610568     
 -0.34825543004502213        2.0413618025869043     
 -0.36914853573061440        2.0232210018282353     
 -0.39004510149492155        2.0038911690326602     
 -0.41093323811774801        1.9833444081975400     
 -0.43179906699470549        1.9615501495580625     
 -0.45262662729326347        1.9384748783545589     
 -0.47339779130548565        1.9140818223869454     
 -0.49409218994219917        1.8883305927231466     
 -0.51468715048881719        1.8611767714239860     
 -0.53515764890002815        1.8325714397369923     
 -0.55547627904103491        1.8024606399846097     
 -0.57561324137805991        1.7707847644620309     
 -0.59553635367080449        1.7374778652645031     
 -0.61521108621437903        1.7024668803734428     
 -0.63460062410771190        1.6656707739643604     
 -0.65366595887971946        1.6269995933564978     
 -0.67236601157455333        1.5863534521492166     
 -0.69065778907547226        1.5436214600574145     
 -0.70849657502788477        1.4986806363676617     
 -0.72583615620331843        1.4513948679146580     
 -0.74262908452848908        1.4016140067503600     
 -0.75882697429251922        1.3491732505569543     
 -0.77438083325072837        1.2938930140117610     
 -0.78924142548051923        1.2355795851334945     
 -0.80335966293428807        1.1740269688099003     
 -0.81668702170177232        1.1090204475174235     
 -0.82917597807030630        1.0403425250042362     
 -0.84078045859038886       0.96778203479006797     
 -0.85145629755256425       0.89114723918776484     
 -0.86116169459735858       0.81028363022897176     
 -0.86985766464890690       0.72509675096505299     
 -0.87750847201717208       0.63557954866713917     
 -0.88408204037984184       0.54184245787848750     
 -0.88955033045333431       0.44414264945912668     
 -0.89388967750770565       0.34290701902416759     
 -0.89708108148299193       0.23874224328018490     
 -0.89911044332694978       0.13242557278971262     
 -0.89996874227950130       2.48727223387051610E-002
 -0.89965215012962607      -8.29158303131756064E-002
 -0.89816207989186692      -0.18992300450116084     
 -0.89550516782072698      -0.29518621533296757     
 -0.89169318916291607      -0.39785895690834294     
 -0.88674290952642676      -0.49725338942885422     
 -0.88067587519698443      -0.59285991359372026     
 -0.87351814709720998      -0.68434531556888911     
 -0.86529998428526789      -0.77153488631959377     
 -0.85605548386708363      -0.85438528535794922     
 -0.84582218491967964      -0.93295428266758296     
 -0.83464064448742670       -1.0073718241028655     
 -0.82255399392474671       -1.0778149919357516     
 -0.80960748383045078       -1.1444878903563984     
 -0.79584802556805889       -1.2076064505796866     
 -0.78132373691696488       -1.2673875824890686     
 -0.76608349878115567       -1.3240418736163968     
 -0.75017652913000843       -1.3777690200534916     
 -0.73365197949659022       -1.4287552650518518     
 -0.71655855845020855       -1.4771722524696593     
 -0.69894418552733595       -1.5231768359291802     
 -0.68085567818082471       -1.5669115025237275     
 -0.66233847341956087       -1.6085051660174186     
 -0.64343638498238764       -1.6480741588057848     
 -0.62419139613894603       -1.6857233072920277     
 -0.60464348754843444       -1.7215470154396251     
 -0.58483049904257167       -1.7556303096117880     
 -0.56478802373414627       -1.7880498174089092     
 -0.54454933248644199       -1.8188746664639095     
 -0.52414532650735079       -1.8481672978832682     
 -0.50360451564845699       -1.8759841945862548     
 -0.48295301988536421       -1.9023765281818510     
 -0.46221459142149357       -1.9273907299353052     
 -0.44141065488338627       -1.9510689923092475     
 -0.42056036315102685       -1.9734497078620596     
 -0.39968066648198508       -1.9945678521853212     
 -0.37878639273398818       -2.0144553172231840     
 -0.35789033665842435       -2.0331412008468979     
 -0.33700335641971912       -2.0506520580279477     
 -0.31613447568599484       -2.0670121184086647     
 -0.29529098982941293       -2.0822434745376874     
 -0.27447857496557226       -2.0963662445357252     
 -0.25370139874667730       -2.1093987124933289     
 -0.23296223200011171       -2.1213574494804810     
 -0.21226256047050948       -2.1322574176681215     
 -0.19160269607798663       -2.1421120597227130     
 -0.17098188724700791       -2.1509333753338407     
 -0.15039842798896225       -2.1587319864683119     
 -0.12984976553680563       -2.1655171927086800     
 -0.10933260643225531       -2.1712970178259314     
 -8.88430210553195765E-002  -2.1760782485517023     
 -6.83765466628803581E-002  -2.1798664663514806     
 -4.79282890681263507E-002  -2.1826660728536353     
 -2.74930231463940550E-002  -2.1844803094568319     
 -7.06529239591879507E-003  -2.1853112715176839     
  1.33604921854226545E-002  -2.1851599174087655     
  3.37899536237122461E-002  -2.1840260726318976     
  5.42286505964093279E-002  -2.1819084290705963     
  7.46819788637705512E-002  -2.1788045393664417     
  9.51550722106846852E-002  -2.1747108063046499     
  0.11565270262116989       -2.1696224669920636     
  0.13617917943341148       -2.1635335715038129     
  0.15673824725894889       -2.1564369555606624     
  0.17733298249584717       -2.1483242066750856     
  0.19796568832288144       -2.1391856230676929     
  0.21863778813043869       -2.1290101645040318     
  0.23934971742453318       -2.1177853940319036     
  0.26010081433354038       -2.1054974094079970     
  0.28088920895340602       -2.0921307627864070     
  0.30171171188646956       -2.0776683669969005     
  0.32256370246173816       -2.0620913864639872     
  0.34343901727025605       -2.0453791105053947     
  0.36432983980756628       -2.0275088063972468     
  0.38522659218512073       -2.0084555492006420     
  0.40611783005226171       -1.9881920249093687     
  0.42699014205780966       -1.9666883030024080     
  0.44782805537231202       -1.9439115739726096     
  0.46861394898474901       -1.9198258468652141     
  0.48932797667612121       -1.8943916013161979     
  0.50994800175104193       -1.8675653880633836     
  0.53044954577038950       -1.8392993714649166     
  0.55080575366542317       -1.8095408072805759     
  0.57098737771780128       -1.7782314489732363     
  0.59096278295118665       -1.7453068762518269     
  0.61069797648857593       -1.7106957407692367     
  0.63015666337494225       -1.6743189261943250     
  0.64930033123724218       -1.6360886238488612     
  0.66808836594403220       -1.5959073315193630     
  0.68647820012691130       -1.5536667930102677     
  0.70442549602976934       -1.5092469109913431     
  0.72188436365609721       -1.4625146877055069     
  0.73880761458950817       -1.4133232797279236     
  0.75514705117236214       -1.3615112973894157     
  0.77085378995085474       -1.3069025403231247     
  0.78587861744614540       -1.2493064414058590     
  0.80017237540940278       -1.1885195944046751     
  0.81368637178863712       -1.1243288645369283     
  0.82637281270635010       -1.0565167168165679     
  0.83818524985287768      -0.98486952128007499     
  0.84907903687719677      -0.90918966099902909     
  0.85901178764240926      -0.82931220047678444     
  0.86794382864365960      -0.74512655542141859     
  0.87583863749517665      -0.65660290456386994     
  0.88266325920842892      -0.56382188993140292     
  0.88838869202669901      -0.46700447539379569     
  0.89299023486869467      -0.36653694364357103     
  0.89644778897657662      -0.26298454291598816     
  0.89874610716689263      -0.15708718381064474     
  0.89987498513523456      -4.97327031578114059E-002
  0.89982939052682409       5.80922842614971097E-002
  0.89860952688578943       0.16536811860481765     
  0.89622083106042572       0.27111365320792985     
  0.89267390412258829       0.37445103685320125     
  0.88798437734014235       0.47465325618423249     
  0.88217271620330029       0.57116906172255888     
  0.87526396689720687       0.66362567499489300     
  0.86728745085864489       0.75181401431988060     
  0.85827641408750022       0.83566310144104372     
  0.84826763866677379       0.91521005934893518     
  0.83730102446863830       0.99057057908114310     
  0.82541914929307458        1.0619128424116306     
  0.81266681571128208        1.1294362427145972     
  0.79909059268464833        1.1933550922876168     
  0.78473835962393512        1.2538868386011635     
  0.76965885997114614        1.3112440193466712     
  0.75390127066202206        1.3656291319453702     
  0.73751479299701994        1.4172316667747851     
  0.72054826955044582        1.4662266797720480     
  0.70304983081729688        1.5127744154253397     
  0.68506657436856311        1.5570206136368452     
  0.66664427838733553        1.5990972352373105     
  0.64782715061427854        1.6391234200872302     
  0.62865761296076328        1.6772065511381467     
  0.60917612136483368        1.7134433411305872     
  0.58942101987769668        1.7479208893774241     
  0.56942842748046851        1.7807176774648938     
  0.54923215574229789        1.8119044872353269     
  0.52886365513820210        1.8415452340500227     
  0.50835198764183787        1.8696977145254641     
  0.48772382308689782        1.8964142717538912     
  0.46700345674152816        1.9217423832212754     
  0.44621284555307639        1.9457251777593518     
  0.42537166058539666        1.9684018882882950     
  0.40449735327789171        1.9898082470810867     
  0.38360523329502738        2.0099768299854062     
  0.36270855589855594        2.0289373555919821     
  0.34181861695438531        2.0467169448176747     
  0.32094485387517419        2.0633403458273620     
  0.30009495099257810        2.0788301286824020     
  0.27927494804486314        2.0932068535936925     
  0.25848935065251871        2.1064892161843378     
  0.23774124183357223        2.1186941727352457     
  0.21703239377932387        2.1298370479976492     
  0.19636337926862835        2.1399316278083549     
  0.17573368224365793        2.1489902384339521     
  0.15514180720174731        2.1570238142960285     
  0.13458538717627055        2.1640419554870811     
  0.11406129018463618        2.1700529762726215     
  9.35657241137067969E-002   2.1750639455854306     
  7.30943400926905851E-002   2.1790807203495683     
  5.26423344713179697E-002   2.1821079723214125     
  3.22045495774410939E-002   2.1841492089996675     
  1.17755734735896199E-002   2.1852067890331406     
 -8.65016103304955264E-003   2.1852819324415074     
 -2.90782778479002080E-002   2.1843747258577859     
 -4.95143592191007939E-002   2.1824841228994551     
 -6.99638472405419987E-002   2.1796079396757846     
 -9.04319449319677809E-002   2.1757428453397445     
 -0.11092351661387581        2.1708843474915982     
 -0.13144298731830156        2.1650267721356493     
 -0.15199424100994013        2.1581632377792808     
 -0.17258051743582623        2.1502856231419094     
 -0.19320430747641251        2.1413845278081913     
 -0.21386724693686776        2.1314492250119614     
 -0.23457000879528997        2.1204676055720051     
 -0.25531219401481114        2.1084261118146710     
 -0.27609222112970566        2.0953096601081520     
 -0.29690721493192962        2.0811015503954344     
 -0.31775289471415163        2.0657833608438496     
 -0.33862346266815596        2.0493348254252117     
 -0.35951149319303199        2.0317336918984483     
 -0.38040782403488965        2.0129555572836968     
 -0.40130145035749687        1.9929736774916533     
 -0.42217942302912420        1.9717587473050713     
 -0.44302675260215202        1.9492786464046883     
 -0.46382632065496227        1.9254981465986671     
 -0.48455880035569560        1.9003785748699855     
 -0.50520258828901077        1.8738774263292415     
 -0.52573374975344089        1.8459479206979206     
 -0.54612597988070199        1.8165384956222739     
 -0.56635058304084251        1.7855922300414420     
 -0.58637647306910878        1.7530461911708952     
 -0.60617019687193197        1.7188306996572773     
 -0.62569598393032377        1.6828685094676150     
 -0.64491582410911863        1.6450739026035057     
 -0.66378957599043176        1.6053517045016150     
 -0.68227510767108979        1.5635962350064472     
 -0.70032847159014400        1.5196902234706970     
 -0.71790411447991587        1.4735037367244417     
 -0.73495512296162424        1.4248931978011101     
 -0.75143350463771574        1.3737006144685389     
 -0.76729050377533281        1.3197531933415267     
 -0.78247694984170957        1.2628635912856438     
 -0.79694363626079390        1.2028311536738079     
 -0.81064172583446736        1.1394446085852024     
 -0.82352317833978317        1.0724868204073157     
 -0.83554119490834211        1.0017423362574711     
 -0.84665067295112251       0.92700854430498081     
 -0.85680866464917604       0.84811123471490724     
 -0.86597483142457676       0.76492510624442378     
 -0.87411188637110493       0.67739916155442348     
 -0.88118601638970562       0.58558585936308316     
 -0.88716727576289733       0.48967131398352443     
 -0.89202994313217776       0.39000195008285576     
 -0.89575283432556574       0.28710137907580102     
 -0.89831956422567427       0.18167075081242068     
 -0.89971875186590533       7.45673858538322964E-002
 -0.89994416416086365      -3.32395063603427993E-002
 -0.89899479505261992      -0.14073154732048337     
 -0.89687487830984181      -0.24691251925755586     
 -0.89359383369614298      -0.35087577687938110     
 -0.88916614770568136      -0.45185645639737093     
 -0.88361119153349921      -0.54926178101416179     
 -0.87695298036217817      -0.64267859298029240     
 -0.86921987933232869      -0.73186204958649781     
 -0.86044426265071527      -0.81671191891158679     
 -0.85066213313219230      -0.89724309422476478     
 -0.83991271005508261      -0.97355561977898009     
 -0.82823799353657113       -1.0458076448317577     
 -0.81568231371521827       -1.1141929877854067     
 -0.80229187287690118       -1.1789237187669381     
 -0.78811428829925201       -1.2402173985516411     
 -0.77319814304522827       -1.2982882453325841     
 -0.75759255124156866       -1.3533414027036772     
 -0.74134674356880592       -1.4055695342892665     
 -0.72450967780373998       -1.4551510895637489     
 -0.70712967832944640       -1.5022497212805870     
 -0.68925410759603967       -1.5470144614829748     
 -0.67092907160766435       -1.5895803695224939     
 -0.65219916065292827       -1.6300694496351229     
 -0.63310722570737787       -1.6685916993090542     
 -0.61369419023246286       -1.7052461963724803     
 -0.59399889648539783       -1.7401221660918047     
 -0.57405798494329729       -1.7732999928717625     
 -0.55390580503364195       -1.8048521570673173     
 -0.53357435504871475       -1.8348440880351742     
 -0.51309324889850871       -1.8633349314336423     
 -0.49248970721706042       -1.8903782330684056     
 -0.47178857027208226       -1.9160225441016741     
 -0.45101233012724057       -1.9403119537761668     
 -0.43018117956025242       -1.9632865563610513     
 -0.40931307533809230       -1.9849828590860163     
 -0.38842381358343708       -2.0054341375843832     
 -0.36752711512517966       -2.0246707449461070     
 -0.34663471890244107       -2.0427203799725606     
 -0.32575648167902432       -2.0596083196828694     
 -0.30490048251770052       -2.0753576205814008     
 -0.28407313065612400       -2.0899892926789838     
 -0.26327927561450709       -2.1035224497783749     
 -0.24252231854628531       -2.1159744390930770     
 -0.22180432401449987       -2.1273609528695663     
 -0.20112613153681491       -2.1376961243254859     
 -0.18048746638986435       -2.1469926098981671     
 -0.15988704929834610       -2.1552616595157952     
 -0.13932270475570241       -2.1625131763541594     
 -0.11879146783138719       -2.1687557673215756     
 -9.82896894148851119E-002  -2.1739967853196327     
 -7.78131399292228826E-002  -2.1782423641544852     
 -5.73571116171937290E-002  -2.1814974468191957     
 -3.69165195624317072E-002  -2.1837658077290905     
 -1.64860016553451498E-002  -2.1850500693663877     
  3.93998224877262215E-003  -2.1853517136747866     
  2.43670517049834334E-002  -2.1846710884368021     
  4.48008072955058262E-002  -2.1830074087639493     
  6.52467321885965429E-002  -2.1803587537301623     
  8.57100933418663558E-002  -2.1767220580797986     
  0.10619584206377231       -2.1720930988409783     
  0.12670851366810951       -2.1664664765706036     
  0.14725212598735407       -2.1598355908468188     
  0.16783007655204019       -2.1521926095055028     
  0.18844503829542736       -2.1435284309870557     
  0.20909885370602826       -2.1338326390154965     
  0.22979242742565240       -2.1230934486708315     
  0.25052561737799744       -2.1112976427346242     
  0.27129712461295774       -2.0984304969843759     
  0.29210438216507467       -2.0844756928812105     
  0.31294344335111668       -2.0694152158337995     
  0.33380887007158383       -2.0532292369258802     
  0.35469362183359793       -2.0358959756616879     
  0.37558894637735279       -2.0173915409103143     
  0.39648427296373573       -1.9976897468145780     
  0.41736710956494572       -1.9767618999725343     


 # Energia cas A
 Energia al principi(t=0):    1.1125000000000000      Energia al final(t=10):   0.99901603677330963     


 # Energia cas B
 Energia al principi(t=0):    2.0125000000000002      Energia al final(t=10):  -0.17716190699378942     


 # Integral metode tancat
 0.3026168347E+01


 # Convergencia de MonteCarlo amb mostreig d'importancia
       10000   3.0399328315177554       1.90894913003615135E-002
       20000   3.0364110731645373       1.34855953841831501E-002
       30000   3.0320291080742927       1.10136232567182493E-002
       40000   3.0301867305529848       9.51829459684032549E-003
       50000   3.0259106988740330       8.51331556627586868E-003
       60000   3.0224405008753092       7.76884752422328691E-003
       70000   3.0226963242276623       7.18907155327534048E-003
       80000   3.0237738087199557       6.72824788790426197E-003
       90000   3.0211350068966327       6.34634512468901756E-003
      100000   3.0207280582001297       6.01981208090377785E-003
