 # Resultados apartado 1:
  0.000000000000E+00  0.571622698984E+00  0.542876962255E+00
  0.628318563104E-01  0.605732666270E+00  0.108468268072E+01
  0.125663712621E+00  0.707927951659E+00  0.216508480605E+01
  0.188495576382E+00  0.877805261137E+00  0.323694194657E+01
  0.251327425241E+00  0.111469409420E+01  0.429602403803E+01
  0.314159274101E+00  0.141765959126E+01  0.533815345359E+01
  0.376991152763E+00  0.178550627572E+01  0.635921435223E+01
  0.439823001623E+00  0.221678207612E+01  0.735517683130E+01
  0.502654850483E+00  0.270978510332E+01  0.832211525504E+01
  0.565486729145E+00  0.326256997592E+01  0.925620571166E+01
  0.628318548203E+00  0.387295427783E+01  0.101537687711E+02
  0.691150426865E+00  0.453853025680E+01  0.110112643308E+02
  0.753982305527E+00  0.525667063428E+01  0.118252930551E+02
  0.816814124584E+00  0.602454048493E+01  0.125926583249E+02
  0.879646003246E+00  0.683911083115E+01  0.133103254285E+02
  0.942477822304E+00  0.769716539446E+01  0.139754634206E+02
  0.100530970097E+01  0.859531945017E+01  0.145854532316E+02
  0.106814157963E+01  0.953002759780E+01  0.151378745578E+02
  0.113097345829E+01  0.104976009683E+02  0.156305383138E+02
  0.119380521774E+01  0.114942190726E+02  0.160615302632E+02
  0.125663709641E+01  0.125159524915E+02  0.164291498854E+02
  0.131946897507E+01  0.135587670424E+02  0.167319162685E+02
  0.138230085373E+01  0.146185472091E+02  0.169686493684E+02
  0.144513273239E+01  0.156911105202E+02  0.171384149070E+02
  0.150796461105E+01  0.167722240547E+02  0.172405264985E+02
  0.157079637051E+01  0.178576190875E+02  0.172746139188E+02
  0.163362824917E+01  0.189430161739E+02  0.172405426725E+02
  0.169646012783E+01  0.200241296873E+02  0.171384144596E+02
  0.175929200649E+01  0.210966929633E+02  0.169686486996E+02
  0.182212388515E+01  0.221564730811E+02  0.167318997853E+02
  0.188495564461E+01  0.231992856095E+02  0.164291335357E+02
  0.194778752327E+01  0.242210189963E+02  0.160615445447E+02
  0.201061940193E+01  0.252176389274E+02  0.156305520406E+02
  0.207345128059E+01  0.261852121961E+02  0.151378728382E+02
  0.213628315926E+01  0.271199202295E+02  0.145854513190E+02
  0.219911503792E+01  0.280180741590E+02  0.139754676400E+02
  0.226194691658E+01  0.288761293787E+02  0.133103291300E+02
  0.232477879524E+01  0.296906995337E+02  0.125926383386E+02
  0.238761043549E+01  0.304585670640E+02  0.118252740236E+02
  0.245044231415E+01  0.311767073703E+02  0.110112631671E+02
  0.251327419281E+01  0.318422832742E+02  0.101537719426E+02
  0.257610607147E+01  0.324526680497E+02  0.925620838649E+01
  0.263893795013E+01  0.330054527849E+02  0.832211477485E+01
  0.270176982880E+01  0.334984558892E+02  0.735517755146E+01
  0.276460170746E+01  0.339297317030E+02  0.635921277890E+01
  0.282743358612E+01  0.342975781763E+02  0.533815107831E+01
  0.289026546478E+01  0.346005435860E+02  0.429602211703E+01
  0.295309734344E+01  0.348374322650E+02  0.323693870531E+01
  0.301592922211E+01  0.350073093212E+02  0.216507850565E+01
  0.307876086235E+01  0.351095040682E+02  0.108467783376E+01
  0.314159274101E+01  0.351436139648E+02 -0.151019615453E-05
  0.320442461967E+01  0.351095038784E+02 -0.108468495865E+01
  0.326725649834E+01  0.350073084259E+02 -0.216508764763E+01
  0.333008837700E+01  0.348374309264E+02 -0.323694571785E+01
  0.339292025566E+01  0.346005418095E+02 -0.429602903173E+01
  0.345575213432E+01  0.342975759688E+02 -0.533815786789E+01
  0.351858401299E+01  0.339297290732E+02 -0.635921941656E+01
  0.358141589165E+01  0.334984528475E+02 -0.735518401101E+01
  0.364424777031E+01  0.330054493434E+02 -0.832210345766E+01
  0.370707941055E+01  0.324526664302E+02 -0.925619513696E+01
  0.376991128922E+01  0.318422814977E+02 -0.101537743862E+02
  0.383274316788E+01  0.311767054438E+02 -0.110112654944E+02
  0.389557504654E+01  0.304585649951E+02 -0.118253001328E+02
  0.395840692520E+01  0.296906943262E+02 -0.125926656761E+02
  0.402123880386E+01  0.288761238744E+02 -0.133103336806E+02
  0.408407068253E+01  0.280180683797E+02 -0.139754718361E+02
  0.414690256119E+01  0.271199141978E+02 -0.145854551442E+02
  0.420973443985E+01  0.261852059360E+02 -0.151378762775E+02
  0.427256631851E+01  0.252176324636E+02 -0.156305550802E+02
  0.433539819717E+01  0.242210123543E+02 -0.160615471727E+02
  0.439823007584E+01  0.231992788155E+02 -0.164291516248E+02
  0.446106195450E+01  0.221564641659E+02 -0.167319176683E+02
  0.452389383316E+01  0.210966839220E+02 -0.169686504232E+02
  0.458672571182E+01  0.200241205556E+02 -0.171384156125E+02
  0.464955759048E+01  0.189430069877E+02 -0.172404776575E+02
  0.471238899231E+01  0.178576181258E+02 -0.172745648214E+02
  0.477522087097E+01  0.167722210383E+02 -0.172405427070E+02
  0.483805274963E+01  0.156911075216E+02 -0.171384145285E+02
  0.490088462830E+01  0.146185442403E+02 -0.169686488025E+02
  0.496371650696E+01  0.135587641149E+02 -0.167319155174E+02
  0.502654838562E+01  0.125159496171E+02 -0.164291489520E+02
  0.508938026428E+01  0.114942162624E+02 -0.160615439888E+02
  0.515221214294E+01  0.104975963690E+02 -0.156305513976E+02
  0.521504402161E+01  0.953002314350E+01 -0.151378721107E+02
  0.527787590027E+01  0.859531515843E+01 -0.145854505098E+02
  0.534070777893E+01  0.769716128220E+01 -0.139754667523E+02
  0.540353965759E+01  0.683910612073E+01 -0.133103281674E+02
  0.546637153625E+01  0.602453602848E+01 -0.125926597554E+02
  0.552920341492E+01  0.525666574410E+01 -0.118252938279E+02
  0.559203529358E+01  0.453852570324E+01 -0.110112588301E+02
  0.565486717224E+01  0.387295007888E+01 -0.101537673889E+02
  0.571769905090E+01  0.326256559607E+01 -0.925620363395E+01
  0.578053092957E+01  0.270978116547E+01 -0.832210984231E+01
  0.584336280823E+01  0.221677837645E+01 -0.735517245838E+01
  0.590619468689E+01  0.178550288738E+01 -0.635920754538E+01
  0.596902656555E+01  0.141765674697E+01 -0.533814572501E+01
  0.603185844421E+01  0.111469167707E+01 -0.429600437428E+01
  0.609468984604E+01  0.877804887864E+00 -0.323692495532E+01
  0.615752172470E+01  0.707927669705E+00 -0.216508315277E+01
  0.622035360336E+01  0.605732500754E+00 -0.162648654602E+01


 # Resultados apartado 2:
  0.295000009611E+01  0.348273186421E+02


 # Resultados apartado 3:
  0.000000000000E+00  0.835009563555E-01  0.509403547294E+00  0.373821775066E+00
  0.941250026226E+00  0.835009563555E-01  0.509403547294E+00  0.373821775066E+00
  0.188250005245E+01  0.835009563555E-01  0.509403547294E+00  0.373821775066E+00
  0.282375001907E+01  0.835009563555E-01  0.509403547294E+00  0.373821775066E+00
  0.376500010490E+01  0.835009563555E-01  0.509403547294E+00  0.373821775066E+00
  0.470625019073E+01  0.835009563555E-01  0.509403547294E+00  0.373821775066E+00
  0.564750003815E+01  0.835009563555E-01  0.509403547294E+00  0.373821775066E+00
  0.658875036240E+01  0.835009563555E-01  0.509403547294E+00  0.373821775066E+00
  0.753000020981E+01  0.835009563555E-01  0.509403547294E+00  0.373821775066E+00
  0.847125053406E+01  0.835009563555E-01  0.509403547294E+00  0.373821775066E+00
  0.941250038147E+01  0.835009563555E-01  0.509403547294E+00  0.373821775066E+00
  0.103537502289E+02  0.835009563555E-01  0.509403547294E+00  0.373821775066E+00
  0.112950000763E+02  0.835009563555E-01  0.509403547294E+00  0.373821775066E+00
  0.122362499237E+02  0.835009563555E-01  0.509403547294E+00  0.373821775066E+00
  0.131775007248E+02  0.835009563555E-01  0.509403547294E+00  0.373821775066E+00
  0.141187505722E+02  0.835009563555E-01  0.509403547294E+00  0.373821775066E+00
  0.150600004196E+02  0.835009563555E-01  0.509403547294E+00  0.373821775066E+00
  0.160012512207E+02  0.835009563555E-01  0.509403547294E+00  0.373821775066E+00
  0.169425010681E+02  0.835009563555E-01  0.509403547294E+00  0.373821775066E+00
  0.178837509155E+02  0.835009563555E-01  0.509403547294E+00  0.373821775066E+00
  0.188250007629E+02  0.835009563555E-01  0.509403547294E+00  0.373821775066E+00
  0.197662506104E+02  0.835009563555E-01  0.509403547294E+00  0.373821775066E+00
  0.207075004578E+02  0.835009563555E-01  0.509403547294E+00  0.373821775066E+00
  0.216487503052E+02  0.835009563555E-01  0.509403547294E+00  0.373821775066E+00
  0.225900001526E+02  0.835009563555E-01  0.509403547294E+00  0.373821775066E+00
  0.235312500000E+02  0.835009563555E-01  0.509403547294E+00  0.373821775066E+00
  0.244724998474E+02  0.835009563555E-01  0.509403547294E+00  0.373821775066E+00
  0.254137516022E+02  0.835009563555E-01  0.509403547294E+00  0.373821775066E+00
  0.263550014496E+02  0.835009563555E-01  0.509403547294E+00  0.373821775066E+00
  0.272962512970E+02  0.835009563555E-01  0.509403547294E+00  0.373821775066E+00
  0.282375011444E+02  0.835009563555E-01  0.509403547294E+00  0.373821775066E+00
  0.291787509918E+02  0.835009563555E-01  0.509403547294E+00  0.373821775066E+00
  0.301200008392E+02  0.835009563555E-01  0.509403547294E+00  0.373821775066E+00
  0.310612506866E+02  0.835009563555E-01  0.509403547294E+00  0.373821775066E+00
  0.320025024414E+02  0.835009563555E-01  0.509403547294E+00  0.373821775066E+00
  0.329437522888E+02  0.835009563555E-01  0.509403547294E+00  0.373821775066E+00
  0.338850021362E+02  0.835009563555E-01  0.509403547294E+00  0.373821775066E+00
  0.348262519836E+02  0.835009563555E-01  0.509403547294E+00  0.373821775066E+00
  0.357675018311E+02  0.835009563555E-01  0.509403547294E+00  0.373821775066E+00
  0.367087516785E+02  0.835009563555E-01  0.509403547294E+00  0.373821775066E+00
  0.376500015259E+02  0.835009563555E-01  0.509403547294E+00  0.373821775066E+00
  0.385912513733E+02  0.835009563555E-01  0.509403547294E+00  0.373821775066E+00
  0.395325012207E+02  0.835009563555E-01  0.509403547294E+00  0.373821775066E+00
  0.404737510681E+02  0.835009563555E-01  0.509403547294E+00  0.373821775066E+00
  0.414150009155E+02  0.835009563555E-01  0.509403547294E+00  0.373821775066E+00
  0.423562507629E+02  0.835009563555E-01  0.509403547294E+00  0.373821775066E+00
  0.432975006104E+02  0.835009563555E-01  0.509403547294E+00  0.373821775066E+00
  0.442387504578E+02  0.835009563555E-01  0.509403547294E+00  0.373821775066E+00
  0.451800003052E+02  0.835009563555E-01  0.509403547294E+00  0.373821775066E+00
  0.461212501526E+02  0.835009563555E-01  0.509403547294E+00  0.373821775066E+00
  0.470625000000E+02  0.835009563555E-01  0.509403547294E+00  0.373821775066E+00
  0.480037498474E+02  0.835009563555E-01  0.509403547294E+00  0.373821775066E+00
  0.489449996948E+02  0.835009563555E-01  0.509403547294E+00  0.373821775066E+00
  0.498862495422E+02  0.835009563555E-01  0.509403547294E+00  0.373821775066E+00
  0.508275032043E+02  0.835009563555E-01  0.509403547294E+00  0.373821775066E+00
  0.517687530518E+02  0.835009563555E-01  0.509403547294E+00  0.373821775066E+00
  0.527100028992E+02  0.835009563555E-01  0.509403547294E+00  0.373821775066E+00
  0.536512527466E+02  0.835009563555E-01  0.509403547294E+00  0.373821775066E+00
  0.545925025940E+02  0.835009563555E-01  0.509403547294E+00  0.373821775066E+00
  0.555337524414E+02  0.835009563555E-01  0.509403547294E+00  0.373821775066E+00
  0.564750022888E+02  0.835009563555E-01  0.509403547294E+00  0.373821775066E+00
  0.574162521362E+02  0.835009563555E-01  0.509403547294E+00  0.373821775066E+00
  0.583575019836E+02  0.835009563555E-01  0.509403547294E+00  0.373821775066E+00
  0.592987518311E+02  0.835009563555E-01  0.509403547294E+00  0.373821775066E+00
  0.602400016785E+02  0.835009563555E-01  0.509403547294E+00  0.373821775066E+00
  0.611812515259E+02  0.835009563555E-01  0.509403547294E+00  0.373821775066E+00
  0.621225013733E+02  0.835009563555E-01  0.509403547294E+00  0.373821775066E+00
  0.630637512207E+02  0.835009563555E-01  0.509403547294E+00  0.373821775066E+00
  0.640050048828E+02  0.835009563555E-01  0.509403547294E+00  0.373821775066E+00
  0.649462509155E+02  0.835009563555E-01  0.509403547294E+00  0.373821775066E+00
  0.658875045776E+02  0.835009563555E-01  0.509403547294E+00  0.373821775066E+00
  0.668287506104E+02  0.835009563555E-01  0.509403547294E+00  0.373821775066E+00
  0.677700042725E+02  0.835009563555E-01  0.509403547294E+00  0.373821775066E+00
  0.687112503052E+02  0.835009563555E-01  0.509403547294E+00  0.373821775066E+00
  0.696525039673E+02  0.835009563555E-01  0.509403547294E+00  0.373821775066E+00
  0.705937500000E+02  0.835009563555E-01  0.509403547294E+00  0.373821775066E+00
  0.715350036621E+02  0.835009563555E-01  0.509403547294E+00  0.373821775066E+00
  0.724762496948E+02  0.835009563555E-01  0.509403547294E+00  0.373821775066E+00
  0.734175033569E+02  0.835009563555E-01  0.509403547294E+00  0.373821775066E+00
  0.743587493896E+02  0.835009563555E-01  0.509403547294E+00  0.373821775066E+00
