 #   2.7890053959957148     
  2.50000000000000005E-003  4.64579250109177222E-002
  5.00000000000000010E-003  4.64321665648995408E-002
  7.49999999999999972E-003  4.64033964255694542E-002
  1.00000000000000002E-002  4.63716164590225119E-002
  1.25000000000000007E-002  4.63368287265778361E-002
  1.49999999999999994E-002  4.62990354846449167E-002
  1.75000000000000017E-002  4.62582391845772489E-002
  2.00000000000000004E-002  4.62144424725133424E-002
  2.24999999999999992E-002  4.61676481892050877E-002
  2.50000000000000014E-002  4.61178593698334943E-002
  2.75000000000000001E-002  4.60650792438118128E-002
  2.99999999999999989E-002  4.60093112345760918E-002
  3.25000000000000011E-002  4.59505589593630984E-002
  3.50000000000000033E-002  4.58888262289757279E-002
  3.74999999999999986E-002  4.58241170475357923E-002
  4.00000000000000008E-002  4.57564356122243318E-002
  4.25000000000000031E-002  4.56857863130093536E-002
  4.49999999999999983E-002  4.56121737323611151E-002
  4.75000000000000006E-002  4.55356026449548687E-002
  5.00000000000000028E-002  4.54560780173611859E-002
  5.24999999999999981E-002  4.53736050077237982E-002
  5.50000000000000003E-002  4.52881889654250386E-002
  5.75000000000000025E-002  4.51998354307388689E-002
  5.99999999999999978E-002  4.51085501344715215E-002
  6.25000000000000000E-002  4.50143389975897826E-002
  6.50000000000000022E-002  4.49172081308369595E-002
  6.75000000000000044E-002  4.48171638343365097E-002
  7.00000000000000067E-002  4.47142125971834031E-002
  7.24999999999999950E-002  4.46083610970232358E-002
  7.49999999999999972E-002  4.44996161996190909E-002
  7.74999999999999994E-002  4.43879849584062139E-002
  8.00000000000000017E-002  4.42734746140345109E-002
  8.25000000000000039E-002  4.41560925938989032E-002
  8.50000000000000061E-002  4.40358465116575809E-002
  8.75000000000000083E-002  4.39127441667381477E-002
  8.99999999999999967E-002  4.37867935438317410E-002
  9.24999999999999989E-002  4.36580028123751268E-002
  9.50000000000000011E-002  4.35263803260208110E-002
  9.75000000000000033E-002  4.33919346220952018E-002
  0.10000000000000001       4.32546744210448655E-002
  0.10250000000000001       4.31146086258708885E-002
  0.10500000000000000       4.29717463215514156E-002
  0.10750000000000000       4.28260967744523852E-002
  0.11000000000000000       4.26776694317264754E-002
  0.11250000000000000       4.25264739207003514E-002
  0.11500000000000000       4.23725200482502201E-002
  0.11750000000000001       4.22158178001657211E-002
  0.12000000000000000       4.20563773405022365E-002
  0.12250000000000000       4.18942090109216334E-002
  0.12500000000000000       4.17293233300214603E-002
  0.12750000000000000       4.15617309926527012E-002
  0.13000000000000000       4.13914428692260875E-002
  0.13250000000000001       4.12184700050070088E-002
  0.13500000000000001       4.10428236193991006E-002
  0.13750000000000001       4.08645151052165270E-002
  0.14000000000000001       4.06835560279450101E-002
  0.14250000000000002       4.04999581249916793E-002
  0.14499999999999999       4.03137333049237434E-002
  0.14749999999999999       4.01248936466960943E-002
  0.14999999999999999       3.99334513988678086E-002
  0.15250000000000000       3.97394189788077140E-002
  0.15500000000000000       3.95428089718889500E-002
  0.15750000000000000       3.93436341306726486E-002
  0.16000000000000000       3.91419073740807977E-002
  0.16250000000000001       3.89376417865582580E-002
  0.16500000000000001       3.87308506172241163E-002
  0.16750000000000001       3.85215472790122818E-002
  0.17000000000000001       3.83097453478015090E-002
  0.17250000000000001       3.80954585615348520E-002
  0.17500000000000002       3.78787008193285576E-002
  0.17749999999999999       3.76594861805705644E-002
  0.17999999999999999       3.74378288640085724E-002
  0.18250000000000000       3.72137432468277810E-002
  0.18500000000000000       3.69872438637183498E-002
  0.18750000000000000       3.67583454059326464E-002
  0.19000000000000000       3.65270627203323553E-002
  0.19250000000000000       3.62934108084254636E-002
  0.19500000000000001       3.60574048253932203E-002
  0.19750000000000001       3.58190600791071581E-002
  0.20000000000000001       3.55783920291361799E-002
  0.20250000000000001       3.53354162857438189E-002
  0.20500000000000002       3.50901486088757222E-002
  0.20750000000000002       3.48426049071374200E-002
  0.20999999999999999       3.45928012367624771E-002
  0.21249999999999999       3.43407538005710278E-002
  0.21500000000000000       3.40864789469188315E-002
  0.21750000000000000       3.38299931686368918E-002
  0.22000000000000000       3.35713131019616806E-002
  0.22250000000000000       3.33104555254560911E-002
  0.22500000000000001       3.30474373589211279E-002
  0.22750000000000001       3.27822756622984518E-002
  0.23000000000000001       3.25149876345638550E-002
  0.23250000000000001       3.22455906126116673E-002
  0.23500000000000001       3.19741020701302670E-002
  0.23750000000000002       3.17005396164686884E-002
  0.23999999999999999       3.14249209954944528E-002
  0.24249999999999999       3.11472640844426517E-002
  0.24500000000000000       3.08675868927563886E-002
  0.24750000000000000       3.05859075609186508E-002
  0.25000000000000000       3.03022443592756811E-002
  0.25250000000000000       3.00166156868519156E-002
  0.25500000000000000       2.97290400701565802E-002
  0.25750000000000001       2.94395361619820307E-002
  0.26000000000000001       2.91481227401938839E-002
  0.26250000000000001       2.88548187065130433E-002
  0.26500000000000001       2.85596430852896946E-002
  0.26750000000000002       2.82626150222693405E-002
  0.27000000000000002       2.79637537833509718E-002
  0.27250000000000002       2.76630787533374313E-002
  0.27500000000000002       2.73606094346780758E-002
  0.27750000000000002       2.70563654462038020E-002
  0.28000000000000003       2.67503665218545260E-002
  0.28250000000000003       2.64426325093992040E-002
  0.28500000000000003       2.61331833691484487E-002
  0.28750000000000003       2.58220391726598705E-002
  0.28999999999999998       2.55092201014361815E-002
  0.29249999999999998       2.51947464456161868E-002
  0.29499999999999998       2.48786386026587231E-002
  0.29749999999999999       2.45609170760196192E-002
  0.29999999999999999       2.42416024738218161E-002
  0.30249999999999999       2.39207155075186681E-002
  0.30499999999999999       2.35982769905505457E-002
  0.30750000000000000       2.32743078369948425E-002
  0.31000000000000000       2.29488290602094386E-002
  0.31250000000000000       2.26218617714697180E-002
  0.31500000000000000       2.22934271785992580E-002
  0.31750000000000000       2.19635465845942346E-002
  0.32000000000000001       2.16322413862416636E-002
  0.32250000000000001       2.12995330727315559E-002
  0.32500000000000001       2.09654432242630910E-002
  0.32750000000000001       2.06299935106448624E-002
  0.33000000000000002       2.02932056898893418E-002
  0.33250000000000002       1.99551016068015875E-002
  0.33500000000000002       1.96157031915623614E-002
  0.33750000000000002       1.92750324583056756E-002
  0.34000000000000002       1.89331115036909109E-002
  0.34250000000000003       1.85899625054695775E-002
  0.34500000000000003       1.82456077210468200E-002
  0.34750000000000003       1.79000694860377493E-002
  0.35000000000000003       1.75533702128187058E-002
  0.35249999999999998       1.72055323890735433E-002
  0.35499999999999998       1.68565785763350288E-002
  0.35749999999999998       1.65065314085214541E-002
  0.35999999999999999       1.61554135904685425E-002
  0.36249999999999999       1.58032478964567624E-002
  0.36499999999999999       1.54500571687341513E-002
  0.36749999999999999       1.50958643160346989E-002
  0.37000000000000000       1.47406923120924453E-002
  0.37250000000000000       1.43845641941513537E-002
  0.37500000000000000       1.40275030614710611E-002
  0.37750000000000000       1.36695320738286080E-002
  0.38000000000000000       1.33106744500162497E-002
  0.38250000000000001       1.29509534663354263E-002
  0.38500000000000001       1.25903924550870173E-002
  0.38750000000000001       1.22290148030579516E-002
  0.39000000000000001       1.18668439500042907E-002
  0.39250000000000002       1.15039033871308736E-002
  0.39500000000000002       1.11402166555676242E-002
  0.39750000000000002       1.07758073448426268E-002
  0.40000000000000002       1.04106990913520481E-002
  0.40250000000000002       1.00449155768270355E-002
  0.40500000000000003       9.67848052679766598E-003
  0.40750000000000003       9.31141770905405050E-003
  0.41000000000000003       8.94375093210471143E-003
  0.41250000000000003       8.57550404363230032E-003
  0.41500000000000004       8.20670092894679008E-003
  0.41749999999999998       7.83736550943622129E-003
  0.41999999999999998       7.46752174101510471E-003
  0.42249999999999999       7.09719361257058878E-003
  0.42499999999999999       6.72640514440648804E-003
  0.42749999999999999       6.35518038668527255E-003
  0.42999999999999999       5.98354341786811947E-003
  0.43250000000000000       5.61151834315313375E-003
  0.43500000000000000       5.23912929291182796E-003
  0.43750000000000000       4.86640042112397586E-003
  0.44000000000000000       4.49335590381092984E-003
  0.44250000000000000       4.12001993746751068E-003
  0.44500000000000001       3.74641673749257073E-003
  0.44750000000000001       3.37257053661832798E-003
  0.45000000000000001       2.99850558333857823E-003
  0.45250000000000001       2.62424614033588246E-003
  0.45500000000000002       2.24981648290783738E-003
  0.45750000000000002       1.87524089739252446E-003
  0.46000000000000002       1.50054367959324454E-003
  0.46250000000000002       1.12574913320263826E-003
  0.46500000000000002       7.50881568226295019E-004
  0.46750000000000003       3.75965299405951010E-004
  0.47000000000000003       1.02464464238203245E-006
  0.47250000000000003      -3.73916076581909775E-004
  0.47500000000000003      -7.48832544780111270E-004
  0.47750000000000004      -1.12370044203851478E-003
  0.47999999999999998      -1.49849545359383119E-003
  0.48249999999999998      -1.87319326941030005E-003
  0.48499999999999999      -2.24776958575649208E-003
  0.48749999999999999      -2.62220010678170228E-003
  0.48999999999999999      -2.99646054609183522E-003
  0.49249999999999999      -3.37052662832467136E-003
  0.49500000000000000      -3.74437409072442273E-003
  0.49750000000000000      -4.11797868471546792E-003
  0.50000000000000000      -4.49131617747517125E-003
  0.50250000000000006      -4.86436235350567320E-003
  0.50500000000000000      -5.23709301620456456E-003
  0.50750000000000006      -5.60948398943432978E-003
  0.51000000000000001      -5.98151111909046677E-003
  0.51249999999999996      -6.35315027466817461E-003
  0.51500000000000001      -6.72437735082751040E-003
  0.51749999999999996      -7.09516826895691816E-003
  0.52000000000000002      -7.46549897873501674E-003
  0.52249999999999996      -7.83534545969056216E-003
  0.52500000000000002      -8.20468372276046340E-003
  0.52749999999999997      -8.57348981184577127E-003
  0.53000000000000003      -8.94173980536551796E-003
  0.53249999999999997      -9.30940981780833260E-003
  0.53500000000000003      -9.67647600128169853E-003
  0.53749999999999998      -1.00429145470587872E-002
  0.54000000000000004      -1.04087016871227452E-002
  0.54249999999999998      -1.07738136957083348E-002
  0.54500000000000004      -1.11382268908408466E-002
  0.54749999999999999      -1.15019176358721609E-002
  0.55000000000000004      -1.18648623410138720E-002
  0.55249999999999999      -1.22270374648673786E-002
  0.55500000000000005      -1.25884195159508272E-002
  0.55750000000000000      -1.29489850542228238E-002
  0.56000000000000005      -1.33087106926028081E-002
  0.56250000000000000      -1.36675730984879874E-002
  0.56500000000000006      -1.40255489952667428E-002
  0.56750000000000000      -1.43826151638284053E-002
  0.57000000000000006      -1.47387484440692929E-002
  0.57250000000000001      -1.50939257363949305E-002
  0.57500000000000007      -1.54481240032183411E-002
  0.57750000000000001      -1.58013202704543124E-002
  0.57999999999999996      -1.61534916290095448E-002
  0.58250000000000002      -1.65046152362685918E-002
  0.58499999999999996      -1.68546683175754795E-002
  0.58750000000000002      -1.72036281677109236E-002
  0.58999999999999997      -1.75514721523650358E-002
  0.59250000000000003      -1.78981777096054381E-002
  0.59499999999999997      -1.82437223513406827E-002
  0.59750000000000003      -1.85880836647788691E-002
  0.59999999999999998      -1.89312393138814060E-002
  0.60250000000000004      -1.92731670408117541E-002
  0.60499999999999998      -1.96138446673791364E-002
  0.60750000000000004      -1.99532500964770577E-002
  0.60999999999999999      -2.02913613135165677E-002
  0.61250000000000004      -2.06281563878541879E-002
  0.61499999999999999      -2.09636134742143682E-002
  0.61750000000000005      -2.12977108141064325E-002
  0.62000000000000000      -2.16304267372358708E-002
  0.62250000000000005      -2.19617396629099328E-002
  0.62500000000000000      -2.22916281014373906E-002
  0.62750000000000006      -2.26200706555224167E-002
  0.63000000000000000      -2.29470460216524529E-002
  0.63250000000000006      -2.32725329914800078E-002
  0.63500000000000001      -2.35965104531982751E-002
  0.63750000000000007      -2.39189573929104900E-002
  0.64000000000000001      -2.42398528959929457E-002
  0.64249999999999996      -2.45591761484515482E-002
  0.64500000000000002      -2.48769064382718744E-002
  0.64749999999999996      -2.51930231567625840E-002
  0.65000000000000002      -2.55075057998921557E-002
  0.65249999999999997      -2.58203339696188236E-002
  0.65500000000000003      -2.61314873752136294E-002
  0.65749999999999997      -2.64409458345765368E-002
  0.66000000000000003      -2.67486892755454779E-002
  0.66249999999999998      -2.70546977371982841E-002
  0.66500000000000004      -2.73589513711473969E-002
  0.66749999999999998      -2.76614304428272652E-002
  0.67000000000000004      -2.79621153327743906E-002
  0.67249999999999999      -2.82609865378998827E-002
  0.67500000000000004      -2.85580246727544645E-002
  0.67749999999999999      -2.88532104707858658E-002
  0.68000000000000005      -2.91465247855884936E-002
  0.68250000000000000      -2.94379485921453070E-002
  0.68500000000000005      -2.97274629880618195E-002
  0.68750000000000000      -3.00150491947921566E-002
  0.69000000000000006      -3.03006885588570744E-002
  0.69250000000000000      -3.05843625530538600E-002
  0.69500000000000006      -3.08660527776580471E-002
  0.69750000000000001      -3.11457409616168676E-002
  0.70000000000000007      -3.14234089637343492E-002
  0.70250000000000001      -3.16990387738479915E-002
  0.70499999999999996      -3.19726125139969605E-002
  0.70750000000000002      -3.22441124395816681E-002
  0.70999999999999996      -3.25135209405147396E-002
  0.71250000000000002      -3.27808205423632468E-002
  0.71499999999999997      -3.30459939074821338E-002
  0.71750000000000003      -3.33090238361387694E-002
  0.71999999999999997      -3.35698932676285755E-002
  0.72250000000000003      -3.38285852813815999E-002
  0.72499999999999998      -3.40850830980600414E-002
  0.72750000000000004      -3.43393700806465946E-002
  0.72999999999999998      -3.45914297355235448E-002
  0.73250000000000004      -3.48412457135425929E-002
  0.73499999999999999      -3.50888018110853128E-002
  0.73750000000000004      -3.53340819711141230E-002
  0.73999999999999999      -3.55770702842138006E-002
  0.74250000000000005      -3.58177509896233995E-002
  0.74500000000000000      -3.60561084762585290E-002
  0.74750000000000005      -3.62921272837239128E-002
  0.75000000000000000      -3.65257921033162042E-002
  0.75250000000000006      -3.67570877790169281E-002
  0.75500000000000000      -3.69859993084755354E-002
  0.75750000000000006      -3.72125118439824848E-002
  0.76000000000000001      -3.74366106934323137E-002
  0.76250000000000007      -3.76582813212765835E-002
  0.76500000000000001      -3.78775093494666953E-002
  0.76750000000000007      -3.80942805583864910E-002
  0.77000000000000002      -3.83085808877745432E-002
  0.77249999999999996      -3.85203964376361688E-002
  0.77500000000000002      -3.87297134691449857E-002
  0.77749999999999997      -3.89365184055340541E-002
  0.78000000000000003      -3.91407978329764983E-002
  0.78249999999999997      -3.93425385014555540E-002
  0.78500000000000003      -3.95417273256239918E-002
  0.78749999999999998      -3.97383513856528689E-002
  0.79000000000000004      -3.99323979280695324E-002
  0.79249999999999998      -4.01238543665848393E-002
  0.79500000000000004      -4.03127082829095248E-002
  0.79749999999999999      -4.04989474275596964E-002
  0.80000000000000004      -4.06825597206513442E-002
  0.80249999999999999      -4.08635332526838743E-002
  0.80500000000000005      -4.10418562853125946E-002
  0.80750000000000000      -4.12175172521100780E-002
  0.81000000000000005      -4.13905047593163961E-002
  0.81250000000000000      -4.15608075865781385E-002
  0.81500000000000006      -4.17284146876761922E-002
  0.81750000000000000      -4.18933151912422169E-002
  0.82000000000000006      -4.20554984014637964E-002
  0.82250000000000001      -4.22149537987781889E-002
  0.82500000000000007      -4.23716710405546426E-002
  0.82750000000000001      -4.25256399617652547E-002
  0.83000000000000007      -4.26768505756442845E-002
  0.83250000000000002      -4.28252930743359198E-002
  0.83499999999999996      -4.29709578295304484E-002
  0.83750000000000002      -4.31138353930887522E-002
  0.83999999999999997      -4.32539164976551566E-002
  0.84250000000000003      -4.33911920572585125E-002
  0.84499999999999997      -4.35256531679015374E-002
  0.84750000000000003      -4.36572911081383602E-002
  0.84999999999999998      -4.37860973396401940E-002
  0.85250000000000004      -4.39120635077491633E-002
  0.85499999999999998      -4.40351814420202117E-002
  0.85750000000000004      -4.41554431567510453E-002
  0.85999999999999999      -4.42728408515000935E-002
  0.86250000000000004      -4.43873669115924865E-002
  0.86499999999999999      -4.44990139086139380E-002
  0.86750000000000005      -4.46077746008925885E-002
  0.87000000000000000      -4.47136419339686994E-002
  0.87250000000000005      -4.48166090410522244E-002
  0.87500000000000000      -4.49166692434682172E-002
  0.87750000000000006      -4.50138160510900123E-002
  0.88000000000000000      -4.51080431627601947E-002
  0.88250000000000006      -4.51993444666992927E-002
  0.88500000000000001      -4.52877140409022327E-002
  0.88750000000000007      -4.53731461535224131E-002
  0.89000000000000001      -4.54556352632435254E-002
  0.89250000000000007      -4.55351760196389468E-002
  0.89500000000000002      -4.56117632635187967E-002
  0.89749999999999996      -4.56853920272645569E-002
  0.90000000000000002      -4.57560575351513010E-002
  0.90249999999999997      -4.58237552036574528E-002
  0.90500000000000003      -4.58884806417620694E-002
  0.90749999999999997      -4.59502296512296765E-002
  0.91000000000000003      -4.60089982268825567E-002
  0.91249999999999998      -4.60647825568605424E-002
  0.91500000000000004      -4.61175790228682617E-002
  0.91749999999999998      -4.61673842004098195E-002
  0.92000000000000004      -4.62141948590109319E-002
  0.92249999999999999      -4.62580079624284532E-002
  0.92500000000000004      -4.62988206688473222E-002
  0.92749999999999999      -4.63366303310648736E-002
  0.93000000000000005      -4.63714344966625475E-002
  0.93250000000000000      -4.64032309081649705E-002
  0.93500000000000005      -4.64320175031863666E-002
  0.93750000000000000      -4.64577924145643320E-002
  0.94000000000000006      -4.64805539704809464E-002
  0.94250000000000000      -4.65003006945712075E-002
  0.94500000000000006      -4.65170313060187871E-002
  0.94750000000000001      -4.65307447196391250E-002
  0.95000000000000007      -4.65414400459497890E-002
  0.95250000000000001      -4.65491165912281998E-002
  0.95500000000000007      -4.65537738575565949E-002
  0.95750000000000002      -4.65554115428543566E-002
  0.95999999999999996      -4.65540295408975804E-002
  0.96250000000000002      -4.65496279413259786E-002
  0.96499999999999997      -4.65422070296370657E-002
  0.96750000000000003      -4.65317672871676316E-002
  0.96999999999999997      -4.65183093910625303E-002
  0.97250000000000003      -4.65018342142307500E-002
  0.97499999999999998      -4.64823428252888055E-002
  0.97750000000000004      -4.64598364884914183E-002
  0.97999999999999998      -4.64343166636495136E-002
  0.98250000000000004      -4.64057850060355312E-002
  0.98499999999999999      -4.63742433662760675E-002
  0.98750000000000004      -4.63396937902318395E-002
  0.98999999999999999      -4.63021385188649784E-002
  0.99250000000000005      -4.62615799880936873E-002
  0.99500000000000000      -4.62180208286342362E-002
  0.99750000000000005      -4.61714638658303200E-002
   1.0000000000000000      -4.61219121194698101E-002


 #   34.144154096417097     
  2.50000000000000005E-003  1.00447729133170769E-002
  5.00000000000000010E-003  9.06703914383249175E-003
  7.49999999999999972E-003  8.08516369107125862E-003
  1.00000000000000002E-002  7.09959506055753663E-003
  1.25000000000000007E-002  6.11078344480197374E-003
  1.49999999999999994E-002  5.11918051766073034E-003
  1.75000000000000017E-002  4.12523922801784435E-003
  2.00000000000000004E-002  3.12941359288518729E-003
  2.24999999999999992E-002  2.13215849001451106E-003
  2.50000000000000014E-002  1.13392945011632669E-003
  2.75000000000000001E-002  1.35182448780518574E-004
  2.99999999999999989E-002 -8.63626301806254184E-004
  3.25000000000000011E-002 -1.86204056125122966E-003
  3.50000000000000033E-002 -2.85960426935910009E-003
  3.74999999999999986E-002 -3.85586175445325804E-003
  4.00000000000000008E-002 -4.85035794151957023E-003
  4.25000000000000031E-002 -5.84263856007760825E-003
  4.49999999999999983E-002 -6.83225035168438018E-003
  4.75000000000000006E-002 -7.81874127697577796E-003
  5.00000000000000028E-002 -8.80166072215116981E-003
  5.24999999999999981E-002 -9.78055970480681477E-003
  5.50000000000000003E-002 -1.07549910790240861E-002
  5.75000000000000025E-002 -1.17245097396188065E-002
  5.99999999999999978E-002 -1.26886728254584184E-002
  6.25000000000000000E-002 -1.36470399217540998E-002
  6.50000000000000022E-002 -1.45991732612354326E-002
  6.75000000000000044E-002 -1.55446379241157163E-002
  7.00000000000000067E-002 -1.64830020367566082E-002
  7.24999999999999950E-002 -1.74138369689413181E-002
  7.49999999999999972E-002 -1.83367175296662646E-002
  7.74999999999999994E-002 -1.92512221613617557E-002
  8.00000000000000017E-002 -2.01569331324529602E-002
  8.25000000000000039E-002 -2.10534367281732387E-002
  8.50000000000000061E-002 -2.19403234395426465E-002
  8.75000000000000083E-002 -2.28171881504253063E-002
  8.99999999999999967E-002 -2.36836303225801958E-002
  9.24999999999999989E-002 -2.45392541786208229E-002
  9.50000000000000011E-002 -2.53836688828002095E-002
  9.75000000000000033E-002 -2.62164887195386227E-002
  0.10000000000000001      -2.70373332696124888E-002
  0.10250000000000001      -2.78458275839240064E-002
  0.10500000000000000      -2.86416023547721062E-002
  0.10750000000000000      -2.94242940845464845E-002
  0.11000000000000000      -3.01935452517677061E-002
  0.11250000000000000      -3.09490044743974749E-002
  0.11500000000000000      -3.16903266703445208E-002
  0.11750000000000001      -3.24171732150927705E-002
  0.12000000000000000      -3.31292120963797704E-002
  0.12250000000000000      -3.38261180658547753E-002
  0.12500000000000000      -3.45075727876471561E-002
  0.12750000000000000      -3.51732649837773054E-002
  0.13000000000000000      -3.58228905763435940E-002
  0.13250000000000001      -3.64561528264204793E-002
  0.13500000000000001      -3.70727624696042327E-002
  0.13750000000000001      -3.76724378481444536E-002
  0.14000000000000001      -3.82549050396009879E-002
  0.14250000000000002      -3.88198979819674508E-002
  0.14499999999999999      -3.93671585952042394E-002
  0.14749999999999999      -3.98964368991254967E-002
  0.14999999999999999      -4.04074911275862023E-002
  0.15250000000000000      -4.09000878389172220E-002
  0.15500000000000000      -4.13740020225578237E-002
  0.15750000000000000      -4.18290172018370501E-002
  0.16000000000000000      -4.22649255328568993E-002
  0.16250000000000001      -4.26815278994321992E-002
  0.16500000000000001      -4.30786340040438254E-002
  0.16750000000000001      -4.34560624547636332E-002
  0.17000000000000001      -4.38136408481115056E-002
  0.17250000000000001      -4.41512058478066016E-002
  0.17500000000000002      -4.44686032593768280E-002
  0.17749999999999999      -4.47656881005924975E-002
  0.17999999999999999      -4.50423246676919659E-002
  0.18250000000000000      -4.52983865973690253E-002
  0.18500000000000000      -4.55337569244936985E-002
  0.18750000000000000      -4.57483281355400909E-002
  0.19000000000000000      -4.59420022176969256E-002
  0.19250000000000000      -4.61146907036382656E-002
  0.19500000000000001      -4.62663147119340284E-002
  0.19750000000000001      -4.63968049830818102E-002
  0.20000000000000001      -4.65061019111435367E-002
  0.20250000000000001      -4.65941555709725452E-002
  0.20500000000000002      -4.66609257410186204E-002
  0.20750000000000002      -4.67063819217005821E-002
  0.20999999999999999      -4.67305033493380026E-002
  0.21249999999999999      -4.67332790056357583E-002
  0.21500000000000000      -4.67147076227169972E-002
  0.21750000000000000      -4.66747976837023001E-002
  0.22000000000000000      -4.66135674188347116E-002
  0.22250000000000000      -4.65310447971524488E-002
  0.22500000000000001      -4.64272675137130872E-002
  0.22750000000000001      -4.63022829723750279E-002
  0.23000000000000001      -4.61561482641441520E-002
  0.23250000000000001      -4.59889301410955423E-002
  0.23500000000000001      -4.58007049858821513E-002
  0.23750000000000002      -4.55915587768443986E-002
  0.23999999999999999      -4.53615870487365860E-002
  0.24249999999999999      -4.51108948490881040E-002
  0.24500000000000000      -4.48395966902193424E-002
  0.24750000000000000      -4.45478164969342408E-002
  0.25000000000000000      -4.42356875499133398E-002
  0.25250000000000000      -4.39033524248332446E-002
  0.25500000000000000      -4.35509629272402346E-002
  0.25750000000000001      -4.31786800232078702E-002
  0.26000000000000001      -4.27866737658101556E-002
  0.26250000000000001      -4.23751232174439385E-002
  0.26500000000000001      -4.19442163680359553E-002
  0.26750000000000002      -4.14941500491719586E-002
  0.27000000000000002      -4.10251298441870957E-002
  0.27250000000000002      -4.05373699942585958E-002
  0.27500000000000002      -4.00310933005437394E-002
  0.27750000000000002      -3.95065310224077260E-002
  0.28000000000000003      -3.89639227717879580E-002
  0.28250000000000003      -3.84035164037430307E-002
  0.28500000000000003      -3.78255679032363720E-002
  0.28750000000000003      -3.72303412682062629E-002
  0.28999999999999998      -3.66181083889756537E-002
  0.29249999999999998      -3.59891489240568921E-002
  0.29499999999999998      -3.53437501724080255E-002
  0.29749999999999999      -3.46822069421990689E-002
  0.29999999999999999      -3.40048214161482107E-002
  0.30249999999999999      -3.33119030134894079E-002
  0.30499999999999999      -3.26037682486344724E-002
  0.30750000000000000      -3.18807405865941737E-002
  0.31000000000000000      -3.11431502952244262E-002
  0.31250000000000000      -3.03913342943650418E-002
  0.31500000000000000      -2.96256360019399589E-002
  0.31750000000000000      -2.88464051770892377E-002
  0.32000000000000001      -2.80539977604045004E-002
  0.32250000000000001      -2.72487757113407669E-002
  0.32500000000000001      -2.64311068428789778E-002
  0.32750000000000001      -2.56013646535147056E-002
  0.33000000000000002      -2.47599281566498290E-002
  0.33250000000000002      -2.39071817074650618E-002
  0.33500000000000002      -2.30435148273524480E-002
  0.33750000000000002      -2.21693220259880190E-002
  0.34000000000000002      -2.12850026211258772E-002
  0.34250000000000003      -2.03909605561960056E-002
  0.34500000000000003      -1.94876042157891734E-002
  0.34750000000000003      -1.85753462391131594E-002
  0.35000000000000003      -1.76546033315055396E-002
  0.35249999999999998      -1.67257960740891422E-002
  0.35499999999999998      -1.57893487316570873E-002
  0.35749999999999998      -1.48456890588751916E-002
  0.35999999999999999      -1.38952481048902517E-002
  0.36249999999999999      -1.29384600164334576E-002
  0.36499999999999999      -1.19757618395088805E-002
  0.36749999999999999      -1.10075933197576158E-002
  0.37000000000000000      -1.00343967015887742E-002
  0.37250000000000000      -9.05661652616907530E-003
  0.37500000000000000      -8.07469942836331299E-003
  0.37750000000000000      -7.08909393271845920E-003
  0.38000000000000000      -6.10025024858458324E-003
  0.38250000000000001      -5.10862006446618448E-003
  0.38500000000000001      -4.11465634169786744E-003
  0.38750000000000001      -3.11881310753860715E-003
  0.39000000000000001      -2.12154524777911999E-003
  0.39250000000000002      -1.12330829895706565E-003
  0.39500000000000002      -1.24558240275002893E-004
  0.39750000000000002       8.74248714683860265E-004
  0.40000000000000002       1.87265632634697732E-003
  0.40250000000000002       2.87020853755564449E-003
  0.40500000000000003       3.86644968188485988E-003
  0.40750000000000003       4.86092469178469894E-003
  0.41000000000000003       5.85317930644813599E-003
  0.41250000000000003       6.84276027931035591E-003
  0.41500000000000004       7.82921558508477625E-003
  0.41749999999999998       8.81209462624120941E-003
  0.41999999999999998       9.79094843883184657E-003
  0.42249999999999999       1.07653298975710476E-002
  0.42499999999999999       1.17347939200752541E-002
  0.42749999999999999       1.26988976701697433E-002
  0.42999999999999999       1.36572007601693454E-002
  0.43250000000000000       1.46092654520407258E-002
  0.43500000000000000       1.55546568573543525E-002
  0.43750000000000000       1.64929431359348046E-002
  0.44000000000000000       1.74236956931186869E-002
  0.44250000000000000       1.83464893755300486E-002
  0.44500000000000001       1.92609026652838661E-002
  0.44750000000000001       2.01665178725288947E-002
  0.45000000000000001       2.10629213262419381E-002
  0.45250000000000001       2.19497035631863735E-002
  0.45500000000000002       2.28264595149486257E-002
  0.45750000000000002       2.36927886929671552E-002
  0.46000000000000002       2.45482953714694432E-002
  0.46250000000000002       2.53925887682334012E-002
  0.46500000000000002       2.62252832230906487E-002
  0.46750000000000003       2.70459983740901147E-002
  0.47000000000000003       2.78543593312414982E-002
  0.47250000000000003       2.86499968477592140E-002
  0.47500000000000003       2.94325474887286165E-002
  0.47750000000000004       3.02016537971174538E-002
  0.47999999999999998       3.09569644570567050E-002
  0.48249999999999998       3.16981344543162402E-002
  0.48499999999999999       3.24248252339019855E-002
  0.48749999999999999       3.31367048547026172E-002
  0.48999999999999999       3.38334481411151147E-002
  0.49249999999999999       3.45147368315799480E-002
  0.49500000000000000       3.51802597239580586E-002
  0.49750000000000000       3.58297128176831570E-002
  0.50000000000000000       3.64627994526244975E-002
  0.50250000000000006       3.70792304445966281E-002
  0.50500000000000000       3.76787242174542736E-002
  0.50750000000000006       3.82610069317119370E-002
  0.51000000000000001       3.88258126096295633E-002
  0.51249999999999996       3.93728832567070558E-002
  0.51500000000000001       3.99019689795321597E-002
  0.51749999999999996       4.04128280999279318E-002
  0.52000000000000002       4.09052272653475726E-002
  0.52249999999999996       4.13789415554662796E-002
  0.52500000000000002       4.18337545849213552E-002
  0.52749999999999997       4.22694586021537116E-002
  0.53000000000000003       4.26858545843055645E-002
  0.53249999999999997       4.30827523281309896E-002
  0.53500000000000003       4.34599705368778344E-002
  0.53749999999999998       4.38173369031012658E-002
  0.54000000000000004       4.41546881873711508E-002
  0.54249999999999998       4.44718702928372997E-002
  0.54500000000000004       4.47687383356185284E-002
  0.54749999999999999       4.50451567109833653E-002
  0.55000000000000004       4.53009991552922112E-002
  0.55249999999999999       4.55361488036726061E-002
  0.55500000000000005       4.57504982434012997E-002
  0.55750000000000000       4.59439495629687181E-002
  0.56000000000000005       4.61164143968034318E-002
  0.56250000000000000       4.62678139656361870E-002
  0.56500000000000006       4.63980791124850508E-002
  0.56750000000000000       4.65071503342452536E-002
  0.57000000000000006       4.65949778088692729E-002
  0.57250000000000001       4.66615214181248100E-002
  0.57500000000000007       4.67067507659201381E-002
  0.57750000000000001       4.67306451921885926E-002
  0.57999999999999996       4.67331937823257590E-002
  0.58250000000000002       4.67143953721751021E-002
  0.58499999999999996       4.66742585485597217E-002
  0.58750000000000002       4.66128016453600455E-002
  0.58999999999999997       4.65300527351391810E-002
  0.59250000000000003       4.64260496163198047E-002
  0.59499999999999997       4.63008397959184248E-002
  0.59750000000000003       4.61544804678449203E-002
  0.59999999999999998       4.59870384867772444E-002
  0.60250000000000004       4.57985903376232281E-002
  0.60499999999999998       4.55892221005834777E-002
  0.60750000000000004       4.53590294118312518E-002
  0.60999999999999999       4.51081174198273496E-002
  0.61250000000000004       4.48366007372899070E-002
  0.61499999999999999       4.45446033888410933E-002
  0.61750000000000005       4.42322587543545753E-002
  0.62000000000000000       4.38997095080296551E-002
  0.62250000000000005       4.35471075532198881E-002
  0.62500000000000000       4.31746139530460038E-002
  0.62750000000000006       4.27823988568247493E-002
  0.63000000000000000       4.23706414223473105E-002
  0.63250000000000006       4.19395297340428019E-002
  0.63500000000000001       4.14892607170642275E-002
  0.63750000000000007       4.10200400473360802E-002
  0.64000000000000001       4.05320820576047999E-002
  0.64249999999999996       4.00256096395348593E-002
  0.64500000000000002       3.95008541418953169E-002
  0.64749999999999996       3.89580552648832595E-002
  0.65000000000000002       3.83974609506324699E-002
  0.65249999999999997       3.78193272699572924E-002
  0.65500000000000003       3.72239183053834424E-002
  0.65749999999999997       3.66115060305192003E-002
  0.66000000000000003       3.59823701858220518E-002
  0.66249999999999998       3.53367981508176041E-002
  0.66500000000000004       3.46750848128290351E-002
  0.66749999999999998       3.39975324322771277E-002
  0.67000000000000004       3.33044505046124067E-002
  0.67249999999999999       3.25961556189423643E-002
  0.67500000000000004       3.18729713134184925E-002
  0.67749999999999999       3.11352279274490218E-002
  0.68000000000000005       3.03832624508050125E-002
  0.68250000000000000       2.96174183696886265E-002
  0.68500000000000005       2.88380455098339455E-002
  0.68750000000000000       2.80454998767119858E-002
  0.69000000000000006       2.72401434929128994E-002
  0.69250000000000000       2.64223442327796536E-002
  0.69500000000000006       2.55924756543687258E-002
  0.69750000000000001       2.47509168288145530E-002
  0.70000000000000007       2.38980521671757033E-002
  0.70250000000000001       2.30342712448418398E-002
  0.70499999999999996       2.21599686235817231E-002
  0.70750000000000002       2.12755436713134780E-002
  0.70999999999999996       2.03814003796795179E-002
  0.71250000000000002       1.94779471795094028E-002
  0.71499999999999997       1.85655967542549503E-002
  0.71750000000000003       1.76447658514828215E-002
  0.71999999999999997       1.67158750925106743E-002
  0.72250000000000003       1.57793487802738441E-002
  0.72499999999999998       1.48356147055103381E-002
  0.72750000000000004       1.38851039513526245E-002
  0.72999999999999998       1.29282506964155351E-002
  0.73250000000000004       1.19654920164701806E-002
  0.73499999999999999       1.09972676847945022E-002
  0.73750000000000004       1.00240199712916343E-002
  0.73999999999999999       9.04619344046785415E-003
  0.74250000000000005       8.06423474836238593E-003
  0.74500000000000000       7.07859243852183677E-003
  0.74750000000000005       6.08971673711243035E-003
  0.75000000000000000       5.09805934726366254E-003
  0.75250000000000006       4.10407324273729529E-003
  0.75500000000000000       3.10821246101594499E-003
  0.75750000000000006       2.11093189590578177E-003
  0.76000000000000001       1.11268708974807400E-003
  0.76250000000000007       1.13934025334489712E-004
  0.76500000000000001      -8.84871082378791687E-004
  0.76750000000000007      -1.88327199466301705E-003
  0.77000000000000002      -2.88081265741965513E-003
  0.77249999999999996      -3.87703740949885784E-003
  0.77500000000000002      -4.87149119083842702E-003
  0.77749999999999997      -5.86371975032821610E-003
  0.78000000000000003      -6.85326985330500862E-003
  0.78249999999999997      -7.83968948858311011E-003
  0.78500000000000003      -8.82252807492606497E-003
  0.78749999999999998      -9.80133666686519578E-003
  0.79000000000000004      -1.07756681597709555E-002
  0.79249999999999998      -1.17450774940834092E-002
  0.79500000000000004      -1.27091218586085526E-002
  0.79749999999999999      -1.36673608927876250E-002
  0.80000000000000004      -1.46193568878470025E-002
  0.80249999999999999      -1.55646749867367935E-002
  0.80500000000000005      -1.65028833827668177E-002
  0.80750000000000000      -1.74335535168492275E-002
  0.81000000000000005      -1.83562602732576657E-002
  0.81250000000000000      -1.92705821738135621E-002
  0.81500000000000006      -2.01761015704108489E-002
  0.81750000000000000      -2.10724048357911510E-002
  0.82000000000000006      -2.19590825524823251E-002
  0.82250000000000001      -2.28357296998140322E-002
  0.82500000000000007      -2.37019458389249142E-002
  0.82750000000000001      -2.45573352956768784E-002
  0.83000000000000007      -2.54015073413929177E-002
  0.83250000000000002      -2.62340763713359328E-002
  0.83499999999999996      -2.70546620808470167E-002
  0.83750000000000002      -2.78628896390627386E-002
  0.83999999999999997      -2.86583898601320830E-002
  0.84250000000000003      -2.94407993718548422E-002
  0.84499999999999997      -3.02097607816644229E-002
  0.84750000000000003      -3.09649228398792345E-002
  0.84999999999999998      -3.17059406001481206E-002
  0.85250000000000004      -3.24324755770165063E-002
  0.85499999999999998      -3.31441959005413372E-002
  0.85750000000000004      -3.38407764678841302E-002
  0.85999999999999999      -3.45218990918129132E-002
  0.86250000000000004      -3.51872526460452403E-002
  0.86499999999999999      -3.58365332073658782E-002
  0.86750000000000005      -3.64694441944542133E-002
  0.87000000000000000      -3.70856965033580233E-002
  0.87250000000000005      -3.76850086395516884E-002
  0.87500000000000000      -3.82671068465185310E-002
  0.87750000000000006      -3.88317252307985791E-002
  0.88000000000000000      -3.93786058834445646E-002
  0.88250000000000006      -3.99074989978307620E-002
  0.88500000000000001      -4.04181629837607748E-002
  0.88750000000000007      -4.09103645778222183E-002
  0.89000000000000001      -4.13838789499378218E-002
  0.89250000000000007      -4.18384898060643537E-002
  0.89500000000000002      -4.22739894869923680E-002
  0.89749999999999996      -4.26901790632017442E-002
  0.90000000000000002      -4.30868684257296047E-002
  0.90249999999999997      -4.34638763730091499E-002
  0.90500000000000003      -4.38210306936397329E-002
  0.90749999999999997      -4.41581682450503665E-002
  0.91000000000000003      -4.44751350280207305E-002
  0.91249999999999998      -4.47717862570256239E-002
  0.91500000000000004      -4.50479864263707563E-002
  0.91749999999999998      -4.53036093720896663E-002
  0.92000000000000004      -4.55385383295734483E-002
  0.92249999999999999      -4.57526659869070471E-002
  0.92500000000000004      -4.59458945338876573E-002
  0.92749999999999999      -4.61181357067029229E-002
  0.93000000000000005      -4.62693108282484916E-002
  0.93250000000000000      -4.63993508440664684E-002
  0.93500000000000005      -4.65081963538884618E-002
  0.93750000000000000      -4.65957976387686781E-002
  0.94000000000000006      -4.66621146837947892E-002
  0.94250000000000000      -4.67071171963661033E-002
  0.94500000000000006      -4.67307846200307811E-002
  0.94750000000000001      -4.67331061438756926E-002
  0.95000000000000007      -4.67140807074646683E-002
  0.95250000000000001      -4.66737170013228966E-002
  0.95500000000000007      -4.66120334629672381E-002
  0.95750000000000002      -4.65290582684842260E-002
  0.95999999999999996      -4.64248293196596953E-002
  0.96250000000000002      -4.62993942266658048E-002
  0.96499999999999997      -4.61528102863134754E-002
  0.96750000000000003      -4.59851444558800684E-002
  0.96999999999999997      -4.57964733225243517E-002
  0.97250000000000003      -4.55868830683026569E-002
  0.97499999999999998      -4.53564694308022653E-002
  0.97750000000000004      -4.51053376594099456E-002
  0.97999999999999998      -4.48336024672356670E-002
  0.98250000000000004      -4.45413879787134176E-002
  0.98499999999999999      -4.42288276729030858E-002
  0.98750000000000004      -4.38960643225193015E-002
  0.98999999999999999      -4.35432499287150485E-002
  0.99250000000000005      -4.31705456516499053E-002
  0.99500000000000000      -4.27781217368745567E-002
  0.99750000000000005      -4.23661574375652841E-002
   1.0000000000000000      -4.19348409326438590E-002


 #   42.280066913075679     
  2.50000000000000005E-003  1.08426988549972900E-003
  5.00000000000000010E-003  2.16825517770394965E-003
  7.49999999999999972E-003  3.25102955393865873E-003
  1.00000000000000002E-002  4.33198831195561601E-003
  1.25000000000000007E-002  5.41052776348368084E-003
  1.49999999999999994E-002  6.48604557137352072E-003
  1.75000000000000017E-002  7.55794108598775716E-003
  2.00000000000000004E-002  8.62561568064867772E-003
  2.24999999999999992E-002  9.68847308595617226E-003
  2.50000000000000014E-002  1.07459197227891927E-002
  2.75000000000000001E-002  1.17973650338047582E-002
  2.99999999999999989E-002  1.28422218132493784E-002
  3.25000000000000011E-002  1.38799065348986870E-002
  3.50000000000000033E-002  1.49098396779421601E-002
  3.74999999999999986E-002  1.59314460506309111E-002
  4.00000000000000008E-002  1.69441551115078054E-002
  4.25000000000000031E-002  1.79474012880405202E-002
  4.49999999999999983E-002  1.89406242924795645E-002
  4.75000000000000006E-002  1.99232694347648981E-002
  5.00000000000000028E-002  2.08947879323063725E-002
  5.24999999999999981E-002  2.18546372164650018E-002
  5.50000000000000003E-002  2.28022812355638954E-002
  5.75000000000000025E-002  2.37371907542596322E-002
  5.99999999999999978E-002  2.46588436491068964E-002
  6.25000000000000000E-002  2.55667252001512690E-002
  6.50000000000000022E-002  2.64603283783873822E-002
  6.75000000000000044E-002  2.73391541289218637E-002
  7.00000000000000067E-002  2.82027116496829378E-002
  7.24999999999999950E-002  2.90505186655210350E-002
  7.49999999999999972E-002  2.98821016975473232E-002
  7.74999999999999994E-002  3.06969963275597647E-002
  8.00000000000000017E-002  3.14947474574089961E-002
  8.25000000000000039E-002  3.22749095631591834E-002
  8.50000000000000061E-002  3.30370469439019571E-002
  8.75000000000000083E-002  3.37807339650843738E-002
  8.99999999999999967E-002  3.45055552962151360E-002
  9.24999999999999989E-002  3.52111061428162092E-002
  9.50000000000000011E-002  3.58969924724903550E-002
  9.75000000000000033E-002  3.65628312349783047E-002
  0.10000000000000001       3.72082505760827006E-002
  0.10250000000000001       3.78328900453393166E-002
  0.10500000000000000       3.84364007973195601E-002
  0.10750000000000000       3.90184457864518747E-002
  0.11000000000000000       3.95786999552532048E-002
  0.11250000000000000       4.01168504158654418E-002
  0.11500000000000000       4.06325966247953890E-002
  0.11750000000000001       4.11256505507607770E-002
  0.12000000000000000       4.15957368355484580E-002
  0.12250000000000000       4.20425929477950613E-002
  0.12500000000000000       4.24659693296041418E-002
  0.12750000000000000       4.28656295359179929E-002
  0.13000000000000000       4.32413503665662682E-002
  0.13250000000000001       4.35929219909176463E-002
  0.13500000000000001       4.39201480650649664E-002
  0.13750000000000001       4.42228458414783629E-002
  0.14000000000000001       4.45008462710651670E-002
  0.14250000000000002       4.47539940975795608E-002
  0.14499999999999999       4.49821479443292954E-002
  0.14749999999999999       4.51851803931310123E-002
  0.14999999999999999       4.53629780554700920E-002
  0.15250000000000000       4.55154416358252781E-002
  0.15500000000000000       4.56424859871227551E-002
  0.15750000000000000       4.57440401582886111E-002
  0.16000000000000000       4.58200474338732594E-002
  0.16250000000000001       4.58704653657255670E-002
  0.16500000000000001       4.58952657966990932E-002
  0.16750000000000001       4.58944348763771354E-002
  0.17000000000000001       4.58679730688078546E-002
  0.17250000000000001       4.58158951522451077E-002
  0.17500000000000002       4.57382302108951533E-002
  0.17749999999999999       4.56350216186738739E-002
  0.17999999999999999       4.55063270149835206E-002
  0.18250000000000000       4.53522182725225598E-002
  0.18500000000000000       4.51727814571465935E-002
  0.18750000000000000       4.49681167798027179E-002
  0.19000000000000000       4.47383385405642625E-002
  0.19250000000000000       4.44835750647970402E-002
  0.19500000000000001       4.42039686314928820E-002
  0.19750000000000001       4.38996753938103931E-002
  0.20000000000000001       4.35708652918673500E-002
  0.20250000000000001       4.32177219578334035E-002
  0.20500000000000002       4.28404426133761410E-002
  0.20750000000000002       4.24392379595177546E-002
  0.20999999999999999       4.20143320589638145E-002
  0.21249999999999999       4.15659622109698715E-002
  0.21500000000000000       4.10943788188158216E-002
  0.21750000000000000       4.05998452499619425E-002
  0.22000000000000000       4.00826376889648200E-002
  0.22250000000000000       3.95430449832352010E-002
  0.22500000000000001       3.89813684817239894E-002
  0.22750000000000001       3.83979218666264527E-002
  0.23000000000000001       3.77930309781985760E-002
  0.23250000000000001       3.71670336327835082E-002
  0.23500000000000001       3.65202794341496148E-002
  0.23750000000000002       3.58531295782455808E-002
  0.23999999999999999       3.51659566514815336E-002
  0.24249999999999999       3.44591444226489477E-002
  0.24500000000000000       3.37330876285953998E-002
  0.24750000000000000       3.29881917537739738E-002
  0.25000000000000000       3.22248728037904109E-002
  0.25250000000000000       3.14435570730744254E-002
  0.25500000000000000       3.06446809068050031E-002
  0.25750000000000001       2.98286904572225911E-002
  0.26000000000000001       2.89960414344642980E-002
  0.26250000000000001       2.81471988520612497E-002
  0.26500000000000001       2.72826367672402217E-002
  0.26750000000000002       2.64028380161746151E-002
  0.27000000000000002       2.55082939443325996E-002
  0.27250000000000002       2.45995041320730239E-002
  0.27500000000000002       2.36769761156423592E-002
  0.27750000000000002       2.27412251037284775E-002
  0.28000000000000003       2.17927736897295526E-002
  0.28250000000000003       2.08321515598988011E-002
  0.28500000000000003       1.98598951975280380E-002
  0.28750000000000003       1.88765475833352452E-002
  0.28999999999999998       1.78826578922235135E-002
  0.29249999999999998       1.68787811865806665E-002
  0.29499999999999998       1.58654781062908846E-002
  0.29749999999999999       1.48433145556314365E-002
  0.29999999999999999       1.38128613872293745E-002
  0.30249999999999999       1.27746940832547048E-002
  0.30499999999999999       1.17293924340280738E-002
  0.30750000000000000       1.06775402142224637E-002
  0.31000000000000000       9.61972485683971687E-003
  0.31250000000000000       8.55653712514399187E-003
  0.31500000000000000       7.48857078273533917E-003
  0.31750000000000000       6.41642226194766643E-003
  0.32000000000000001       5.34069033075628904E-003
  0.32250000000000001       4.26197575838107787E-003
  0.32500000000000001       3.18088097977196589E-003
  0.32750000000000001       2.09800975916418341E-003
  0.33000000000000002       1.01396685289112279E-003
  0.33250000000000002      -7.06423283568580803E-005
  0.33500000000000002      -1.15521205763907653E-003
  0.33750000000000002      -2.23913663004778139E-003
  0.34000000000000002      -3.32181070097910518E-003
  0.34250000000000003      -4.40262962420279701E-003
  0.34500000000000003      -5.48098978954192958E-003
  0.34750000000000003      -6.55628895997399652E-003
  0.35000000000000003      -7.62792660796514019E-003
  0.35249999999999998      -8.69530425084966835E-003
  0.35499999999999998      -9.75782578506756773E-003
  0.35749999999999998      -1.08148978190733425E-002
  0.35999999999999999      -1.18659300047302702E-002
  0.36249999999999999      -1.29103353670049770E-002
  0.36499999999999999      -1.39475306317782301E-002
  0.36749999999999999      -1.49769365515888559E-002
  0.37000000000000000      -1.59979782291288786E-002
  0.37250000000000000      -1.70100854383092026E-002
  0.37500000000000000      -1.80126929427165301E-002
  0.37750000000000000      -1.90052408112836857E-002
  0.38000000000000000      -1.99871747309970302E-002
  0.38250000000000001      -2.09579463164663270E-002
  0.38500000000000001      -2.19170134161841904E-002
  0.38750000000000001      -2.28638404153040618E-002
  0.39000000000000001      -2.37978985347676274E-002
  0.39250000000000002      -2.47186661266146183E-002
  0.39500000000000002      -2.56256289653100724E-002
  0.39750000000000002      -2.65182805349263549E-002
  0.40000000000000002      -2.73961223120195649E-002
  0.40250000000000002      -2.82586640440423385E-002
  0.40500000000000003      -2.91054240231375591E-002
  0.40750000000000003      -2.99359293551600784E-002
  0.41000000000000003      -3.07497162237761953E-002
  0.41250000000000003      -3.15463301494934151E-002
  0.41500000000000004      -3.23253262434758035E-002
  0.41749999999999998      -3.30862694560032228E-002
  0.41999999999999998      -3.38287348194356435E-002
  0.42249999999999999      -3.45523076855468875E-002
  0.42499999999999999      -3.52565839570952166E-002
  0.42749999999999999      -3.59411703135014901E-002
  0.42999999999999999      -3.66056844305088155E-002
  0.43250000000000000      -3.72497551937010091E-002
  0.43500000000000000      -3.78730229057606740E-002
  0.43750000000000000      -3.84751394873511024E-002
  0.44000000000000000      -3.90557686715098246E-002
  0.44250000000000000      -3.96145861914452488E-002
  0.44500000000000001      -4.01512799616315086E-002
  0.44750000000000001      -4.06655502521003701E-002
  0.45000000000000001      -4.11571098558328810E-002
  0.45250000000000001      -4.16256842491572743E-002
  0.45500000000000002      -4.20710117450635232E-002
  0.45750000000000002      -4.24928436393489511E-002
  0.46000000000000002      -4.28909443495132797E-002
  0.46250000000000002      -4.32650915463255181E-002
  0.46500000000000002      -4.36150762779892523E-002
  0.46750000000000003      -4.39407030868369727E-002
  0.47000000000000003      -4.42417901184882500E-002
  0.47250000000000003      -4.45181692234108348E-002
  0.47500000000000003      -4.47696860508279490E-002
  0.47750000000000004      -4.49962001349193050E-002
  0.47999999999999998      -4.51975849732677293E-002
  0.48249999999999998      -4.53737280975075874E-002
  0.48499999999999999      -4.55245311361355404E-002
  0.48749999999999999      -4.56499098694485364E-002
  0.48999999999999999      -4.57497942765784163E-002
  0.49249999999999999      -4.58241285745967855E-002
  0.49500000000000000      -4.58728712496683996E-002
  0.49750000000000000      -4.58959950802355840E-002
  0.50000000000000000      -4.58934871522207813E-002
  0.50250000000000006      -4.58653488662387615E-002
  0.50500000000000000      -4.58115959368143866E-002
  0.50750000000000006      -4.57322583836064639E-002
  0.51000000000000001      -4.56273805146425182E-002
  0.51249999999999996      -4.54970209015738702E-002
  0.51500000000000001      -4.53412523469648374E-002
  0.51749999999999996      -4.51601618436343333E-002
  0.52000000000000002      -4.49538505260725849E-002
  0.52249999999999996      -4.47224336139600484E-002
  0.52500000000000002      -4.44660403478201183E-002
  0.52749999999999997      -4.41848139168415435E-002
  0.53000000000000003      -4.38789113789108745E-002
  0.53249999999999997      -4.35485035728995842E-002
  0.53500000000000003      -4.31937750232548531E-002
  0.53749999999999998      -4.28149238369473079E-002
  0.54000000000000004      -4.24121615928332654E-002
  0.54249999999999998      -4.19857132234932665E-002
  0.54500000000000004      -4.15358168896128727E-002
  0.54749999999999999      -4.10627238469759431E-002
  0.55000000000000004      -4.05666983061445732E-002
  0.55249999999999999      -4.00480172849041610E-002
  0.55500000000000005      -3.95069704535559243E-002
  0.55750000000000000      -3.89438599731433549E-002
  0.56000000000000005      -3.83590003267028495E-002
  0.56250000000000000      -3.77527181436328532E-002
  0.56500000000000006      -3.71253520172795670E-002
  0.56750000000000000      -3.64772523158410772E-002
  0.57000000000000006      -3.58087809866955223E-002
  0.57250000000000001      -3.51203113542626066E-002
  0.57500000000000007      -3.44122279115112867E-002
  0.57750000000000001      -3.36849261052301271E-002
  0.57999999999999996      -3.29388121151802313E-002
  0.58250000000000002      -3.21743026272540422E-002
  0.58499999999999996      -3.13918246007667615E-002
  0.58750000000000002      -3.05918150300103220E-002
  0.58999999999999997      -2.97747207002030667E-002
  0.59250000000000003      -2.89409979379714327E-002
  0.59499999999999997      -2.80911123565030299E-002
  0.59750000000000003      -2.72255385955133718E-002
  0.59999999999999998      -2.63447600561715484E-002
  0.60250000000000004      -2.54492686311328306E-002
  0.60499999999999998      -2.45395644298289917E-002
  0.60750000000000004      -2.36161554991697852E-002
  0.60999999999999999      -2.26795575398115110E-002
  0.61250000000000004      -2.17302936181511877E-002
  0.61499999999999999      -2.07688938742071165E-002
  0.61750000000000005      -1.97958952255490282E-002
  0.62000000000000000      -1.88118410674431268E-002
  0.62250000000000005      -1.78172809693795016E-002
  0.62500000000000000      -1.68127703681513890E-002
  0.62750000000000006      -1.57988702576577107E-002
  0.63000000000000000      -1.47761468756020808E-002
  0.63250000000000006      -1.37451713872633018E-002
  0.63500000000000001      -1.27065195665139255E-002
  0.63750000000000007      -1.16607714742650269E-002
  0.64000000000000001      -1.06085111345167807E-002
  0.64249999999999996      -9.55032620819575365E-003
  0.64500000000000002      -8.48680766496105743E-003
  0.64749999999999996      -7.41854945316266362E-003
  0.65000000000000002      -6.34614816813619184E-003
  0.65249999999999997      -5.27020271901942547E-003
  0.65500000000000003      -4.19131399427662404E-003
  0.65749999999999997      -3.11008452611743688E-003
  0.66000000000000003      -2.02711815399781847E-003
  0.66249999999999998      -9.43019687390887719E-004
  0.66500000000000004       1.41605431983949422E-004
  0.66749999999999998       1.22615146828496742E-003
  0.67000000000000004       2.31001272983634865E-003
  0.67249999999999999       3.39258390739174747E-003
  0.67500000000000004       4.47326041218427430E-003
  0.67749999999999999       5.55143871357411355E-003
  0.68000000000000005       6.62651667610519943E-003
  0.68250000000000000       7.69789389578272049E-003
  0.68500000000000005       8.76497203538364675E-003
  0.68750000000000000       9.82715515861301223E-003
  0.69000000000000006       1.08838500629193473E-002
  0.69250000000000000       1.19344666107833765E-002
  0.69500000000000006       1.29784180592949772E-002
  0.69750000000000001       1.40151213878343343E-002
  0.70000000000000007       1.50439976236742840E-002
  0.70250000000000001       1.60644721653220232E-002
  0.70499999999999996       1.70759751034195821E-002
  0.70750000000000002       1.80779415390238604E-002
  0.70999999999999996       1.90698118990884832E-002
  0.71250000000000002       2.00510322489712636E-002
  0.71499999999999997       2.10210546017927623E-002
  0.71750000000000003       2.19793372244731812E-002
  0.71999999999999997       2.29253449402766485E-002
  0.72250000000000003       2.38585494276939702E-002
  0.72499999999999998       2.47784295154968998E-002
  0.72750000000000004       2.56844714737991531E-002
  0.72999999999999998       2.65761693009616308E-002
  0.73250000000000004       2.74530250061815993E-002
  0.73499999999999999       2.83145488876080237E-002
  0.73750000000000004       2.91602598058277422E-002
  0.73999999999999999       2.99896854525697094E-002
  0.74250000000000005       3.08023626144772918E-002
  0.74500000000000000       3.15978374318012720E-002
  0.74750000000000005       3.23756656518690983E-002
  0.75000000000000000       3.31354128771888315E-002
  0.75250000000000006       3.38766548080492100E-002
  0.75500000000000000       3.45989774794803612E-002
  0.75750000000000006       3.53019774924428278E-002
  0.76000000000000001       3.59852622391157798E-002
  0.76250000000000007       3.66484501221586087E-002
  0.76500000000000001       3.72911707678234422E-002
  0.76750000000000007       3.79130652327995532E-002
  0.77000000000000002       3.85137862046741816E-002
  0.77249999999999996       3.90929981958977740E-002
  0.77500000000000002       3.96503777311453393E-002
  0.77749999999999997       4.01856135279692744E-002
  0.78000000000000003       4.06984066706427908E-002
  0.78249999999999997       4.11884707770968223E-002
  0.78500000000000003       4.16555321588572072E-002
  0.78749999999999998       4.20993299738928045E-002
  0.79000000000000004       4.25196163722892234E-002
  0.79249999999999998       4.29161566346667606E-002
  0.79500000000000004       4.32887293032652581E-002
  0.79749999999999999       4.36371263056226921E-002
  0.80000000000000004       4.39611530707784276E-002
  0.80249999999999999       4.42606286379361794E-002
  0.80500000000000005       4.45353857575260803E-002
  0.80750000000000000       4.47852709846093475E-002
  0.81000000000000005       4.50101447645734343E-002
  0.81250000000000000       4.52098815110697633E-002
  0.81500000000000006       4.53843696761505322E-002
  0.81750000000000000       4.55335118125654442E-002
  0.82000000000000006       4.56572246281835639E-002
  0.82250000000000001       4.57554390325098370E-002
  0.82500000000000007       4.58281001752704337E-002
  0.82750000000000001       4.58751674770452242E-002
  0.83000000000000007       4.58966146519303661E-002
  0.83250000000000002       4.58924297222183253E-002
  0.83499999999999996       4.58626150250871154E-002
  0.83750000000000002       4.58071872112950640E-002
  0.83999999999999997       4.57261772358817584E-002
  0.84250000000000003       4.56196303408804432E-002
  0.84499999999999997       4.54876060300514889E-002
  0.84750000000000003       4.53301780356510364E-002
  0.84999999999999998       4.51474342772533802E-002
  0.85250000000000004       4.49394768126500990E-002
  0.85499999999999998       4.47064217808533643E-002
  0.85750000000000004       4.44483993372351907E-002
  0.85999999999999999       4.41655535808389704E-002
  0.86250000000000004       4.38580424739037564E-002
  0.86499999999999999       4.35260377536463433E-002
  0.86750000000000005       4.31697248363503427E-002
  0.87000000000000000       4.27893027138158549E-002
  0.87250000000000005       4.23849838422275527E-002
  0.87500000000000000       4.19569940235032593E-002
  0.87750000000000006       4.15055722791892456E-002
  0.88000000000000000       4.10309707169727172E-002
  0.88250000000000006       4.05334543898859950E-002
  0.88500000000000001       4.00133011482811038E-002
  0.88750000000000007       3.94708014846572933E-002
  0.89000000000000001       3.89062583714283317E-002
  0.89250000000000007       3.83199870917199925E-002
  0.89500000000000002       3.77123150632923954E-002
  0.89749999999999996       3.70835816556854062E-002
  0.90000000000000002       3.64341380006892868E-002
  0.90249999999999997       3.57643467962464323E-002
  0.90500000000000003       3.50745821038936922E-002
  0.90749999999999997       3.43652291398584067E-002
  0.91000000000000003       3.36366840599248429E-002
  0.91249999999999998       3.28893537381911502E-002
  0.91500000000000004       3.21236555398404233E-002
  0.91749999999999998       3.13400170880527296E-002
  0.92000000000000004       3.05388760251883336E-002
  0.92249999999999999       2.97206797683754534E-002
  0.92500000000000004       2.88858852596390429E-002
  0.92749999999999999       2.80349587107101665E-002
  0.93000000000000005       2.71683753426584761E-002
  0.93250000000000000       2.62866191204932063E-002
  0.93500000000000005       2.53901824828808853E-002
  0.93750000000000000       2.44795660671307327E-002
  0.94000000000000006       2.35552784296013153E-002
  0.94250000000000000       2.26178357616846175E-002
  0.94500000000000006       2.16677616015261316E-002
  0.94750000000000001       2.07055865416419828E-002
  0.95000000000000007       1.97318479325963442E-002
  0.95250000000000001       1.87470895829046809E-002
  0.95500000000000007       1.77518614553303609E-002
  0.95750000000000002       1.67467193597443040E-002
  0.95999999999999996       1.57322246427191378E-002
  0.96250000000000002       1.47089438740312679E-002
  0.96499999999999997       1.36774485302459080E-002
  0.96750000000000003       1.26383146755617952E-002
  0.96999999999999997       1.15921226400938319E-002
  0.97250000000000003       1.05394566957733114E-002
  0.97499999999999998       9.48090473004674882E-003
  0.97750000000000004       8.41705791755553018E-003
  0.97999999999999998       7.34851038997974722E-003
  0.98250000000000004       6.27585890423060320E-003
  0.98499999999999999       5.19970250917668915E-003
  0.98750000000000004       4.12064221109026494E-003
  0.98999999999999999       3.03928063800037486E-003
  0.99250000000000005       1.95622170314025453E-003
  0.99500000000000000       8.72070267676983623E-004
  0.99750000000000005      -2.12568197088258042E-004
   1.0000000000000000      -1.29708794786068029E-003


 #   42.385288178920497     
  2.50000000000000005E-003  6.14792292231543247E-003
  5.00000000000000010E-003  5.18410295299412752E-003
  7.49999999999999972E-003  4.21738097476181094E-003
  1.00000000000000002E-002  3.24829814890000967E-003
  1.25000000000000007E-002  2.27739695826910740E-003
  1.49999999999999994E-002  1.30522090363187305E-003
  1.75000000000000017E-002  3.32314199407177189E-004
  2.00000000000000004E-002 -6.40778530975789646E-004
  2.24999999999999992E-002 -1.61351255995225784E-003
  2.50000000000000014E-002 -2.58534336075491415E-003
  2.75000000000000001E-002 -3.55572691223453221E-003
  2.99999999999999989E-002 -4.52412000339756301E-003
  3.25000000000000011E-002 -5.48998053749021053E-003
  3.50000000000000033E-002 -6.45276783545876368E-003
  3.74999999999999986E-002 -7.41194293861631437E-003
  4.00000000000000008E-002 -8.36696891034643606E-003
  4.25000000000000031E-002 -9.31731113667492311E-003
  4.49999999999999983E-002 -1.02624376255413350E-002
  4.75000000000000006E-002 -1.12018193046028308E-002
  5.00000000000000028E-002 -1.21349303174035621E-002
  5.24999999999999981E-002 -1.30612483177438548E-002
  5.50000000000000003E-002 -1.39802547620843758E-002
  5.75000000000000025E-002 -1.48914351998216156E-002
  5.99999999999999978E-002 -1.57942795612721863E-002
  6.25000000000000000E-002 -1.66882824432047147E-002
  6.50000000000000022E-002 -1.75729433917595178E-002
  6.75000000000000044E-002 -1.84477671825976561E-002
  7.00000000000000067E-002 -1.93122640981225613E-002
  7.24999999999999950E-002 -2.01659502016190428E-002
  7.49999999999999972E-002 -2.10083476081562061E-002
  7.74999999999999994E-002 -2.18389847521026637E-002
  8.00000000000000017E-002 -2.26573966511042432E-002
  8.25000000000000039E-002 -2.34631251663764556E-002
  8.50000000000000061E-002 -2.42557192591659962E-002
  8.75000000000000083E-002 -2.50347352432377310E-002
  8.99999999999999967E-002 -2.57997370332457912E-002
  9.24999999999999989E-002 -2.65502963888497971E-002
  9.50000000000000011E-002 -2.72859931544395043E-002
  9.75000000000000033E-002 -2.80064154943337092E-002
  0.10000000000000001      -2.87111601233217342E-002
  0.10250000000000001      -2.93998325324184573E-002
  0.10500000000000000      -3.00720472097064789E-002
  0.10750000000000000      -3.07274278561418465E-002
  0.11000000000000000      -3.13656075962024869E-002
  0.11250000000000000      -3.19862291832614318E-002
  0.11500000000000000      -3.25889451995699311E-002
  0.11750000000000001      -3.31734182507384123E-002
  0.12000000000000000      -3.37393211546064692E-002
  0.12250000000000000      -3.42863371243961879E-002
  0.12500000000000000      -3.48141599460461901E-002
  0.12750000000000000      -3.53224941496272024E-002
  0.13000000000000000      -3.58110551747431657E-002
  0.13250000000000001      -3.62795695298252993E-002
  0.13500000000000001      -3.67277749452299268E-002
  0.13750000000000001      -3.71554205200544177E-002
  0.14000000000000001      -3.75622668625889763E-002
  0.14250000000000002      -3.79480862243257444E-002
  0.14499999999999999      -3.83126626274501239E-002
  0.14749999999999999      -3.86557919857429960E-002
  0.14999999999999999      -3.89772822188261467E-002
  0.15250000000000000      -3.92769533596869294E-002
  0.15500000000000000      -3.95546376554220050E-002
  0.15750000000000000      -3.98101796611437311E-002
  0.16000000000000000      -4.00434363269966537E-002
  0.16250000000000001      -4.02542770782353954E-002
  0.16500000000000001      -4.04425838883190752E-002
  0.16750000000000001      -4.06082513449813887E-002
  0.17000000000000001      -4.07511867092393426E-002
  0.17250000000000001      -4.08713099673076036E-002
  0.17500000000000002      -4.09685538753894116E-002
  0.17749999999999999      -4.10428639973189971E-002
  0.17999999999999999      -4.10941987350343929E-002
  0.18250000000000000      -4.11225293518636056E-002
  0.18500000000000000      -4.11278399886111298E-002
  0.18750000000000000      -4.11101276724357492E-002
  0.19000000000000000      -4.10694023185147264E-002
  0.19250000000000000      -4.10056867244933745E-002
  0.19500000000000001      -4.09190165577231549E-002
  0.19750000000000001      -4.08094403352954674E-002
  0.20000000000000001      -4.06770193968822580E-002
  0.20250000000000001      -4.05218278703986801E-002
  0.20500000000000002      -4.03439526305070517E-002
  0.20750000000000002      -4.01434932499852640E-002
  0.20999999999999999      -3.99205619439869513E-002
  0.21249999999999999      -3.96752835072245666E-002
  0.21500000000000000      -3.94077952441105536E-002
  0.21750000000000000      -3.91182468918957194E-002
  0.22000000000000000      -3.88068005368478047E-002
  0.22250000000000000      -3.84736305235172313E-002
  0.22500000000000001      -3.81189233571407604E-002
  0.22750000000000001      -3.77428775992377161E-002
  0.23000000000000001      -3.73457037564572658E-002
  0.23250000000000001      -3.69276241627388771E-002
  0.23500000000000001      -3.64888728548520280E-002
  0.23750000000000002      -3.60296954413847417E-002
  0.23999999999999999      -3.55503489652543858E-002
  0.24249999999999999      -3.50511017598176128E-002
  0.24500000000000000      -3.45322332986600158E-002
  0.24750000000000000      -3.39940340391496412E-002
  0.25000000000000000      -3.34368052598418425E-002
  0.25250000000000000      -3.28608588918265776E-002
  0.25500000000000000      -3.22665173441125039E-002
  0.25750000000000001      -3.16541133231456398E-002
  0.26000000000000001      -3.10239896465636239E-002
  0.26250000000000001      -3.03764990512898521E-002
  0.26500000000000001      -2.97120039960748622E-002
  0.26750000000000002      -2.90308764585955684E-002
  0.27000000000000002      -2.83334977272258794E-002
  0.27250000000000002      -2.76202581875952778E-002
  0.27500000000000002      -2.68915571040548688E-002
  0.27750000000000002      -2.61478023961731823E-002
  0.28000000000000003      -2.53894104103868888E-002
  0.28250000000000003      -2.46168056869342337E-002
  0.28500000000000003      -2.38304207222016645E-002
  0.28750000000000003      -2.30306957266166873E-002
  0.28999999999999998      -2.22180783782224694E-002
  0.29249999999999998      -2.13930235720721645E-002
  0.29499999999999998      -2.05559931655832154E-002
  0.29749999999999999      -1.97074557199941915E-002
  0.29999999999999999      -1.88478862380689095E-002
  0.30249999999999999      -1.79777658981946295E-002
  0.30499999999999999      -1.70975817850232310E-002
  0.30750000000000000      -1.62078266168060869E-002
  0.31000000000000000      -1.53089984695753308E-002
  0.31250000000000000      -1.44016004983258776E-002
  0.31500000000000000      -1.34861406553542992E-002
  0.31750000000000000      -1.25631314059122152E-002
  0.32000000000000001      -1.16330894413333788E-002
  0.32250000000000001      -1.06965353897950401E-002
  0.32500000000000001      -9.75399352487550664E-003
  0.32750000000000001      -8.80599147207104978E-003
  0.33000000000000002      -7.85305991343643144E-003
  0.33250000000000002      -6.89573229051440497E-003
  0.33500000000000002      -5.93454450572048365E-003
  0.33750000000000002      -4.97003462235013575E-003
  0.34000000000000002      -4.00274256337633961E-003
  0.34250000000000003      -3.03320980920611123E-003
  0.34500000000000003      -2.06197909456519533E-003
  0.34750000000000003      -1.08959410468060071E-003
  0.35000000000000003      -1.16599170931056852E-004
  0.35249999999999998       8.56461033864241907E-004
  0.35499999999999998       1.82904180034802440E-003
  0.35749999999999998       2.80059868754778613E-003
  0.35999999999999999       3.77058782764839225E-003
  0.36249999999999999       4.73846623044383523E-003
  0.36499999999999999       5.70369208729771138E-003
  0.36749999999999999       6.66572507444227174E-003
  0.37000000000000000       7.62402665544625446E-003
  0.37250000000000000       8.57806038268218649E-003
  0.37500000000000000       9.52729219762439052E-003
  0.37750000000000000       1.04711907298096017E-002
  0.38000000000000000       1.14092275942928294E-002
  0.38250000000000001       1.23408776874319587E-002
  0.38500000000000001       1.32656194808355096E-002
  0.38750000000000001       1.41829353133090096E-002
  0.39000000000000001       1.50923116806365391E-002
  0.39250000000000002       1.59932395230352568E-002
  0.39500000000000002       1.68852145101219646E-002
  0.39750000000000002       1.77677373232322001E-002
  0.40000000000000002       1.86403139349338373E-002
  0.40250000000000002       1.95024558855786782E-002
  0.40500000000000003       2.03536805567372872E-002
  0.40750000000000003       2.11935114413639436E-002
  0.41000000000000003       2.20214784105405154E-002
  0.41250000000000003       2.28371179766499316E-002
  0.41500000000000004       2.36399735528318861E-002
  0.41749999999999998       2.44295957085756098E-002
  0.41999999999999998       2.52055424213065565E-002
  0.42249999999999999       2.59673793238262215E-002
  0.42499999999999999       2.67146799474665408E-002
  0.42749999999999999       2.74470259608227858E-002
  0.42999999999999999       2.81640074039312960E-002
  0.43250000000000000       2.88652229177609534E-002
  0.43500000000000000       2.95502799688899531E-002
  0.43750000000000000       3.02187950692420840E-002
  0.44000000000000000       3.08703939907595086E-002
  0.44250000000000000       3.15047119748918872E-002
  0.44500000000000001       3.21213939367845508E-002
  0.44750000000000001       3.27200946640514509E-002
  0.45000000000000001       3.33004790100216094E-002
  0.45250000000000001       3.38622220813508470E-002
  0.45500000000000002       3.44050094198938422E-002
  0.45750000000000002       3.49285371787346338E-002
  0.46000000000000002       3.54325122922770908E-002
  0.46250000000000002       3.59166526403001118E-002
  0.46500000000000002       3.63806872058856645E-002
  0.46750000000000003       3.68243562271313787E-002
  0.47000000000000003       3.72474113425626391E-002
  0.47250000000000003       3.76496157301628442E-002
  0.47500000000000003       3.80307442399440143E-002
  0.47750000000000004       3.83905835199834997E-002
  0.47999999999999998       3.87289321358562436E-002
  0.48249999999999998       3.90456006833957564E-002
  0.48499999999999999       3.93404118947206644E-002
  0.48749999999999999       3.96132007374675119E-002
  0.48999999999999999       3.98638145071742167E-002
  0.49249999999999999       4.00921129127624828E-002
  0.49500000000000000       4.02979681550713759E-002
  0.49750000000000000       4.04812649983979783E-002
  0.50000000000000000       4.06419008350052055E-002
  0.50250000000000006       4.07797857425605745E-002
  0.50500000000000000       4.08948425344738339E-002
  0.50750000000000006       4.09870068031052415E-002
  0.51000000000000001       4.10562269558203130E-002
  0.51249999999999996       4.11024642438708662E-002
  0.51500000000000001       4.11256927840861833E-002
  0.51749999999999996       4.11258995733621430E-002
  0.52000000000000002       4.11030844959402383E-002
  0.52249999999999996       4.10572603234723721E-002
  0.52500000000000002       4.09884527078714020E-002
  0.52749999999999997       4.08967001669514815E-002
  0.53000000000000003       4.07820540628661549E-002
  0.53249999999999997       4.06445785733563492E-002
  0.53500000000000003       4.04843506558242999E-002
  0.53749999999999998       4.03014600042535878E-002
  0.54000000000000004       4.00960089989993301E-002
  0.54249999999999998       3.98681126494766988E-002
  0.54500000000000004       3.96178985297797812E-002
  0.54749999999999999       3.93455067072669071E-002
  0.55000000000000004       3.90510896641523136E-002
  0.55249999999999999       3.87348122121481536E-002
  0.55500000000000005       3.83968514002045389E-002
  0.55750000000000000       3.80373964153993063E-002
  0.56000000000000005       3.76566484770329973E-002
  0.56250000000000000       3.72548207239883009E-002
  0.56500000000000006       3.68321380954170427E-002
  0.56750000000000000       3.63888372048215142E-002
  0.57000000000000006       3.59251662076005701E-002
  0.57250000000000001       3.54413846621347631E-002
  0.57500000000000007       3.49377633844881325E-002
  0.57750000000000001       3.44145842968080970E-002
  0.57999999999999996       3.38721402695082580E-002
  0.58250000000000002       3.33107349573224590E-002
  0.58499999999999996       3.27306826293219388E-002
  0.58750000000000002       3.21323079929906330E-002
  0.58999999999999997       3.15159460124571703E-002
  0.59250000000000003       3.08819417209853196E-002
  0.59499999999999997       3.02306500278278246E-002
  0.59750000000000003       2.95624355195517538E-002
  0.59999999999999998       2.88776722559465904E-002
  0.60250000000000004       2.81767435606293144E-002
  0.60499999999999998       2.74600418064636746E-002
  0.60750000000000004       2.67279681959137969E-002
  0.60999999999999999       2.59809325364550522E-002
  0.61250000000000004       2.52193530111679484E-002
  0.61499999999999999       2.44436559446434172E-002
  0.61750000000000005       2.36542755643305881E-002
  0.62000000000000000       2.28516537574606077E-002
  0.62250000000000005       2.20362398236825935E-002
  0.62500000000000000       2.12084902235501853E-002
  0.62750000000000006       2.03688683229995074E-002
  0.63000000000000000       1.95178441339615497E-002
  0.63250000000000006       1.86558940512542050E-002
  0.63500000000000001       1.77835005859012137E-002
  0.63750000000000007       1.69011520950273254E-002
  0.64000000000000001       1.60093425084808783E-002
  0.64249999999999996       1.51085710523368097E-002
  0.64500000000000002       1.41993419694349029E-002
  0.64749999999999996       1.32821642371096938E-002
  0.65000000000000002       1.23575512822700559E-002
  0.65249999999999997       1.14260206939879629E-002
  0.65500000000000003       1.04880939337573028E-002
  0.65749999999999997       9.54429604358496275E-003
  0.66000000000000003       8.59515535207757038E-003
  0.66249999999999998       7.64120317868842956E-003
  0.66500000000000004       6.68297353629021193E-003
  0.66749999999999998       5.72100283223989960E-003
  0.67000000000000004       4.75582956810331834E-003
  0.67249999999999999       3.78799403820735594E-003
  0.67500000000000004       2.81803802718860654E-003
  0.67749999999999999       1.84650450670775963E-003
  0.68000000000000005       8.73937331499500679E-004
  0.68250000000000000      -9.91190650719220778E-005
  0.68500000000000005      -1.07211997578104219E-003
  0.68750000000000000      -2.04452072446282412E-003
  0.69000000000000006      -3.01577697091692624E-003
  0.69250000000000000      -3.98534501562389318E-003
  0.69500000000000006      -4.95268210410270120E-003
  0.69750000000000001      -5.91724673073927999E-003
  0.70000000000000007      -6.87849894191593439E-003
  0.70250000000000001      -7.83590063827196981E-003
  0.70499999999999996      -8.78891587592632584E-003
  0.70750000000000002      -9.73701116649359523E-003
  0.70999999999999996      -1.06796557757254749E-002
  0.71250000000000002      -1.16163220206104856E-002
  0.71499999999999997      -1.25464855647656366E-002
  0.71750000000000003      -1.34696257119546817E-002
  0.71999999999999997      -1.43852256975686571E-002
  0.72250000000000003      -1.52927729779055339E-002
  0.72499999999999998      -1.61917595170870468E-002
  0.72750000000000004      -1.70816820714520985E-002
  0.72999999999999998      -1.79620424712675086E-002
  0.73250000000000004      -1.88323478995984540E-002
  0.73499999999999999      -1.96921111681824454E-002
  0.73750000000000004      -2.05408509901524421E-002
  0.73999999999999999      -2.13780922494564117E-002
  0.74250000000000005      -2.22033662668225454E-002
  0.74500000000000000      -2.30162110621212196E-002
  0.74750000000000005      -2.38161716129768435E-002
  0.75000000000000000      -2.46028001094848285E-002
  0.75250000000000006      -2.53756562048910901E-002
  0.75500000000000000      -2.61343072620937450E-002
  0.75750000000000006      -2.68783285958290354E-002
  0.76000000000000001      -2.76073037104058762E-002
  0.76250000000000007      -2.83208245328559829E-002
  0.76500000000000001      -2.90184916413690278E-002
  0.76750000000000007      -2.96999144888849612E-002
  0.77000000000000002      -3.03647116217183599E-002
  0.77249999999999996      -3.10125108930923640E-002
  0.77500000000000002      -3.16429496714627292E-002
  0.77749999999999997      -3.22556750435153208E-002
  0.78000000000000003      -3.28503440117234660E-002
  0.78249999999999997      -3.34266236863545244E-002
  0.78500000000000003      -3.39841914718182203E-002
  0.78749999999999998      -3.45227352472524465E-002
  0.79000000000000004      -3.50419535412453687E-002
  0.79249999999999998      -3.55415557005961252E-002
  0.79500000000000004      -3.60212620530195593E-002
  0.79749999999999999      -3.64808040637039852E-002
  0.80000000000000004      -3.69199244856342618E-002
  0.80249999999999999      -3.73383775035961152E-002
  0.80500000000000005      -3.77359288717810243E-002
  0.80750000000000000      -3.81123560449146762E-002
  0.81000000000000005      -3.84674483028355912E-002
  0.81250000000000000      -3.88010068684541479E-002
  0.81500000000000006      -3.91128450190260102E-002
  0.81750000000000000      -3.94027881906776623E-002
  0.82000000000000006      -3.96706740761254978E-002
  0.82250000000000001      -3.99163527155338288E-002
  0.82500000000000007      -4.01396865804608746E-002
  0.82750000000000001      -4.03405506508458384E-002
  0.83000000000000007      -4.05188324849938622E-002
  0.83250000000000002      -4.06744322825197679E-002
  0.83499999999999996      -4.08072629402153192E-002
  0.83750000000000002      -4.09172501008087178E-002
  0.83999999999999997      -4.10043321945890576E-002
  0.84250000000000003      -4.10684604738724354E-002
  0.84499999999999997      -4.11095990402904274E-002
  0.84750000000000003      -4.11277248648856120E-002
  0.84999999999999998      -4.11228278010029730E-002
  0.85250000000000004      -4.10949105899698838E-002
  0.85499999999999998      -4.10439888595615435E-002
  0.85750000000000004      -4.09700911152526964E-002
  0.85999999999999999      -4.08732587242605638E-002
  0.86250000000000004      -4.07535458923878879E-002
  0.86499999999999999      -4.06110196336790588E-002
  0.86750000000000005      -4.04457597329063306E-002
  0.87000000000000000      -4.02578587009071037E-002
  0.87250000000000005      -4.00474217227972870E-002
  0.87500000000000000      -3.98145665990897180E-002
  0.87750000000000006      -3.95594236797506132E-002
  0.88000000000000000      -3.92821357912309654E-002
  0.88250000000000006      -3.89828581565137416E-002
  0.88500000000000001      -3.86617583082215915E-002
  0.88750000000000007      -3.83190159948337619E-002
  0.89000000000000001      -3.79548230800647174E-002
  0.89250000000000007      -3.75693834354607417E-002
  0.89500000000000002      -3.71629128262746869E-002
  0.89749999999999996      -3.67356387906827495E-002
  0.90000000000000002      -3.62878005124108796E-002
  0.90249999999999997      -3.58196486868421204E-002
  0.90500000000000003      -3.53314453806798517E-002
  0.90749999999999997      -3.48234638852454662E-002
  0.91000000000000003      -3.42959885634926340E-002
  0.91249999999999998      -3.37493146908237548E-002
  0.91500000000000004      -3.31837482897977612E-002
  0.91749999999999998      -3.25996059588217410E-002
  0.92000000000000004      -3.19972146949223310E-002
  0.92249999999999999      -3.13769117106960510E-002
  0.92500000000000004      -3.07390442455410667E-002
  0.92749999999999999      -3.00839693712760571E-002
  0.93000000000000005      -2.94120537922549843E-002
  0.93250000000000000      -2.87236736400896669E-002
  0.93500000000000005      -2.80192142630950811E-002
  0.93750000000000000      -2.72990700105752160E-002
  0.94000000000000006      -2.65636440120702970E-002
  0.94250000000000000      -2.58133479516888982E-002
  0.94500000000000006      -2.50486018376513096E-002
  0.94750000000000001      -2.42698337671731351E-002
  0.95000000000000007      -2.34774796868207555E-002
  0.95250000000000001      -2.26719831484728206E-002
  0.95500000000000007      -2.18537950610243337E-002
  0.95750000000000002      -2.10233734379723786E-002
  0.95999999999999996      -2.01811831410247493E-002
  0.96250000000000002      -1.93276956198750148E-002
  0.96499999999999997      -1.84633886482897143E-002
  0.96750000000000003      -1.75887460566553737E-002
  0.96999999999999997      -1.67042574611351129E-002
  0.97250000000000003      -1.58104179895864165E-002
  0.97499999999999998      -1.49077280043935171E-002
  0.97750000000000004      -1.39966928223695438E-002
  0.97999999999999998      -1.30778224318852318E-002
  0.98250000000000004      -1.21516312073825395E-002
  0.98499999999999999      -1.12186376214329902E-002
  0.98750000000000004      -1.02793639545019147E-002
  0.98999999999999999      -9.33433600258108329E-003
  0.99250000000000005      -8.38408278285336823E-003
  0.99500000000000000      -7.42913623755422914E-003
  0.99750000000000005      -6.47003093619577356E-003
   1.0000000000000000      -5.50730377632009920E-003


