  0.273180007935E-01 -0.281191860699E-01 -0.859545915695E+00 -0.941981103645E+00
  0.546360015869E-01 -0.516002620768E-01 -0.781843666915E+00 -0.779506444878E+00
  0.819540023804E-01 -0.708359978962E-01 -0.633280234539E+00 -0.631056214934E+00
  0.109272003174E+00 -0.862001619761E-01 -0.498067099323E+00 -0.495951132434E+00
  0.136590003967E+00 -0.980483927251E-01 -0.375555553285E+00 -0.373542815808E+00
  0.163908004761E+00 -0.106719015781E+00 -0.265125836588E+00 -0.263211824699E+00
  0.191226005554E+00 -0.112533808354E+00 -0.166185219894E+00 -0.164365742955E+00
  0.218544006348E+00 -0.115798711719E+00 -0.781661244713E-01 -0.764372993782E-01
  0.245862007141E+00 -0.116804492854E+00 -0.524276247922E-03  0.111747759615E-02
  0.273180007935E+00 -0.115827356077E+00  0.672631099880E-01  0.688210750729E-01
  0.300498008728E+00 -0.113129505470E+00  0.125699119973E+00  0.127176284462E+00
  0.327816009521E+00 -0.108959658759E+00  0.175268906674E+00  0.176667967564E+00
  0.355134010315E+00 -0.103553513207E+00  0.216441438014E+00  0.217764803685E+00
  0.382452011108E+00 -0.971341640079E-01  0.249671229318E+00  0.250921021464E+00
  0.409770011902E+00 -0.899124755259E-01  0.275400064168E+00  0.276578119115E+00
  0.437088012695E+00 -0.820874056650E-01  0.294058707348E+00  0.295166576756E+00
  0.464406013489E+00 -0.738462835245E-01  0.306068613580E+00  0.307107564527E+00
  0.491724014282E+00 -0.653650404077E-01  0.311843635751E+00  0.312814650202E+00
  0.519042015076E+00 -0.568083941468E-01  0.311791736363E+00  0.312695510005E+00
  0.546360015869E+00 -0.483299866050E-01  0.306316705937E+00  0.307153646392E+00
  0.573678016663E+00 -0.400724741151E-01  0.295819892160E+00  0.296590116565E+00
  0.600996017456E+00 -0.321675705075E-01  0.280701943596E+00  0.281405275530E+00
  0.628314018250E+00 -0.247360422793E-01  0.261364571789E+00  0.262000537558E+00
  0.655632019043E+00 -0.178876553485E-01  0.238212335690E+00  0.238780159953E+00
  0.682950019836E+00 -0.117210727285E-01  0.211654452359E+00  0.212153053079E+00
  0.710268020630E+00 -0.632370235348E-02  0.182106637955E+00  0.182534620669E+00
  0.737586021423E+00 -0.177149416823E-02  0.149992983115E+00  0.150348634515E+00
  0.764904022217E+00  0.187131451000E-02  0.115747866882E+00  0.116029147683E+00
  0.792222023010E+00  0.455250647040E-02  0.798179134335E-01  0.800224505211E-01
  0.819540023804E+00  0.623224615501E-02  0.426639959401E-01  0.427890737805E-01
  0.846858024597E+00  0.688349662029E-02  0.476329199096E-02  0.480584328370E-02
  0.874176025391E+00  0.649249338379E-02 -0.333886048759E-01 -0.334320093191E-01
  0.901494026184E+00  0.505927675130E-02 -0.712755128962E-01 -0.714086750659E-01
  0.928812026978E+00  0.259828434809E-02 -0.108358424286E+00 -0.108585530705E+00
  0.956130027771E+00 -0.860994289939E-03 -0.144073197042E+00 -0.144398831334E+00
  0.983448028564E+00 -0.527329907411E-02 -0.177828171308E+00 -0.178257327624E+00
  0.101076602936E+01 -0.105768145397E-01 -0.209001705142E+00 -0.209539802478E+00
  0.103808403015E+01 -0.166923165679E-01 -0.236939624359E+00 -0.237592521781E+00
  0.106540203094E+01 -0.235222482322E-01 -0.260952580975E+00 -0.261726593788E+00
  0.109272003174E+01 -0.309497221962E-01 -0.280313314600E+00 -0.281215231491E+00
  0.112003803253E+01 -0.388374469335E-01 -0.294253810961E+00 -0.295290912136E+00
  0.114735603333E+01 -0.470265738788E-01 -0.301962351533E+00 -0.303142427896E+00
  0.117467403412E+01 -0.553354624511E-01 -0.302580448082E+00 -0.303911821476E+00
  0.120199203491E+01 -0.635583597204E-01 -0.295199655688E+00 -0.296691200249E+00
  0.122931003571E+01 -0.714639913077E-01 -0.278858257631E+00 -0.280519422278E+00
  0.125662803650E+01 -0.787940599269E-01 -0.252537815269E+00 -0.254378647379E+00
  0.128394603729E+01 -0.852616477835E-01 -0.215159575815E+00 -0.217190746124E+00
  0.131126403809E+01 -0.905495188525E-01 -0.165580730662E+00 -0.167813559433E+00
  0.133858203888E+01 -0.943083168467E-01 -0.102590516651E+00 -0.105037001155E+00
  0.136590003967E+01 -0.961546544831E-01 -0.249061523924E-01 -0.275789957480E-01
  0.139321804047E+01 -0.956690894284E-01  0.688313985219E-01  0.659187570933E-01
  0.142053604126E+01 -0.923939820842E-01  0.180061845884E+00  0.176895199345E+00
  0.144785404205E+01 -0.858312301309E-01  0.310310181594E+00  0.306874521856E+00
  0.147517204285E+01 -0.754398745102E-01  0.461191487840E+00  0.457470970961E+00
  0.150249004364E+01 -0.606335712694E-01  0.634415954185E+00  0.630393863932E+00
  0.152980804443E+01 -0.407779234305E-01  0.831794113356E+00  0.827452823070E+00
  0.155712604523E+01 -0.151876667721E-01  0.105524230590E+01  0.105056323861E+01
  0.158444404602E+01  0.168762968690E-01  0.130678838424E+01  0.130175197094E+01
  0.161176204681E+01  0.562100254632E-01  0.158857766716E+01  0.158316330322E+01
  0.163908004761E+01  0.103669828813E+00  0.190287915596E+01  0.189706515551E+01
  0.166639804840E+01  0.160175734048E+00  0.225209202419E+01  0.224585557256E+01
  0.169371604919E+01  0.226715132220E+00  0.263875239321E+01  0.263206949714E+01
  0.172103404999E+01  0.304346613991E+00  0.306554040629E+01  0.305838584199E+01
  0.174835205078E+01  0.394204002723E+00  0.353528761440E+01  0.352763487336E+01
  0.177567005157E+01  0.497500593701E+00  0.405098468759E+01  0.404280591993E+01
  0.180298805237E+01  0.615533608543E+00  0.461578946605E+01  0.460705542146E+01
  0.183030605316E+01  0.749688874293E+00  0.523303536579E+01  0.522371533189E+01
  0.185762405396E+01  0.901445737092E+00  0.590624015426E+01  0.589630189230E+01
  0.188494205475E+01  0.107238222073E+01  0.663911511195E+01  0.662852478972E+01
  0.191226005554E+01  0.126418044088E+01  0.743557459651E+01  0.742429671840E+01
  0.193957805634E+01  0.147863228619E+01  0.829974602676E+01  0.828774336083E+01
  0.196689605713E+01  0.171764537797E+01  0.923598030442E+01  0.922321380635E+01
  0.199421405792E+01  0.198324932076E+01  0.102488626922E+02  0.102352914261E+02
  0.202153205872E+01  0.227760225629E+01  0.113432241678E+02  0.113288052233E+02
  0.204885005951E+01  0.260299773439E+01  0.125241532734E+02  0.125088416801E+02
  0.207616806030E+01  0.296187191441E+01  0.137970084824E+02  0.137807571195E+02
  0.210348606110E+01  0.335681111173E+01  0.151674311039E+02  0.151501906074E+02
  0.213080406189E+01  0.379055970428E+01  0.166413587493E+02  0.166230774140E+02
  0.215812206268E+01  0.426602841477E+01  0.182250393820E+02  0.182056630604E+02
  0.218544006348E+01  0.478630298487E+01  0.199250459768E+02  0.199045179736E+02
  0.221275806427E+01  0.535465325838E+01  0.217482918132E+02  0.217265527749E+02
  0.224007606506E+01  0.597454269089E+01  0.237020464288E+02  0.236790342294E+02
  0.226739406586E+01  0.664963830467E+01  0.257939522605E+02  0.257696018820E+02
  0.229471206665E+01  0.738382110753E+01  0.280320420018E+02  0.280062854102E+02
  0.232203006744E+01  0.818119699597E+01  0.304247567053E+02  0.303975227213E+02
  0.234934806824E+01  0.904610816316E+01  0.329809646617E+02  0.329521788258E+02
  0.237666606903E+01  0.998314503356E+01  0.357099810860E+02  0.356795655188E+02
  0.240398406982E+01  0.109971587464E+02  0.386215886453E+02  0.385894619014E+02
  0.243130207062E+01  0.120932742121E+02  0.417260588612E+02  0.416921357775E+02
  0.245862007141E+01  0.132769037646E+02  0.450341744234E+02  0.449983659611E+02
  0.248593807220E+01  0.145537614373E+02  0.485572524508E+02  0.485194655314E+02
  0.251325607300E+01  0.159298778866E+02  0.523071687392E+02  0.522673060732E+02
  0.254057407379E+01  0.174116159916E+02  0.562963830349E+02  0.562543429439E+02
  0.256789207458E+01  0.190056871594E+02  0.605379653757E+02  0.604936416077E+02
  0.259521007538E+01  0.207191683639E+02  0.650456235438E+02  0.649989050802E+02
  0.262252807617E+01  0.225595199506E+02  0.698337316721E+02  0.697845025278E+02
  0.264984607697E+01  0.245346042384E+02  0.749173600542E+02  0.748654990693E+02
  0.267716407776E+01  0.266527049534E+02  0.803123062037E+02  0.802576868267E+02
  0.270448207855E+01  0.289225475276E+02  0.860351272134E+02  0.859776172759E+02
  0.273180007935E+01  0.313533203003E+02  0.921031734668E+02  0.920426349496E+02
  0.275911808014E+01  0.339546966593E+02  0.985346237564E+02  0.984709125452E+02
  0.278643608093E+01  0.367368581602E+02  0.105348521863E+03  0.105281487496E+03
  0.281375408173E+01  0.397105186669E+02  0.112564814656E+03  0.112494300059E+03
  0.284107208252E+01  0.428869495524E+02  0.120204391775E+03  0.120130232990E+03
  0.286839008331E+01  0.462780060067E+02  0.128289126954E+03  0.128211152852E+03
  0.289570808411E+01  0.498961544963E+02  0.136841921055E+03  0.136759953041E+03
  0.292302608490E+01  0.537545014226E+02  0.145886746874E+03  0.145800598581E+03
  0.295034408569E+01  0.578668230300E+02  0.155448695804E+03  0.155358172769E+03
  0.297766208649E+01  0.622475966133E+02  0.165554026404E+03  0.165458925740E+03
  0.300498008728E+01  0.669120330793E+02  0.176230214969E+03  0.176130325018E+03
  0.303229808807E+01  0.718761109180E+02  0.187506008177E+03  0.187401108151E+03
  0.305961608887E+01  0.771566116396E+02  0.199411477884E+03  0.199301337490E+03
  0.308693408966E+01  0.827711567401E+02  0.211978078162E+03  0.211862457219E+03
  0.311425209045E+01  0.887382462545E+02  0.225238704665E+03  0.225117352695E+03
  0.314157009125E+01  0.950772989656E+02  0.239227756408E+03  0.239100412221E+03
  0.316888809204E+01  0.101808694333E+03  0.253981200064E+03  0.253847591324E+03
  0.319620609283E+01  0.108953816215E+03  0.269536636870E+03  0.269396479642E+03
  0.322352409363E+01  0.116535098453E+03  0.285933372246E+03  0.285786370522E+03
  0.325084209442E+01  0.124576072395E+03  0.303212488226E+03  0.303058333446E+03
  0.327816009521E+01  0.133101416441E+03  0.321416918829E+03  0.321255289367E+03
  0.330547809601E+01  0.142137007682E+03  0.340591528458E+03  0.340422089097E+03
  0.333279609680E+01  0.151709975730E+03  0.360783193464E+03  0.360605594852E+03
  0.336011409760E+01  0.161848758813E+03  0.382040886995E+03  0.381854765077E+03
  0.338743209839E+01  0.172583162238E+03  0.404415767248E+03  0.404220742671E+03
  0.341475009918E+01  0.183944419314E+03  0.427961269260E+03  0.427756946767E+03
  0.344206809998E+01  0.195965254825E+03  0.452733200385E+03  0.452519168173E+03
  0.346938610077E+01  0.208679951169E+03  0.478789839576E+03  0.478565668640E+03
  0.349670410156E+01  0.222124417260E+03  0.506192040644E+03  0.505957284088E+03
  0.352402210236E+01  0.236336260305E+03  0.535003339631E+03  0.534757531957E+03
  0.355134010315E+01  0.251354860573E+03  0.565290066457E+03  0.565032722824E+03
  0.357865810394E+01  0.267221449273E+03  0.597121461011E+03  0.596852076466E+03
  0.360597610474E+01  0.283979189664E+03  0.630569793848E+03  0.630287842532E+03
  0.363329410553E+01  0.301673261530E+03  0.665710491680E+03  0.665415425997E+03
  0.366061210632E+01  0.320350949144E+03  0.702622267830E+03  0.702313517585E+03
  0.368793010712E+01  0.340061732870E+03  0.741387257849E+03  0.741064229362E+03
  0.371524810791E+01  0.360857384540E+03  0.782091160492E+03  0.781753235665E+03
  0.374256610870E+01  0.382792066756E+03  0.824823384250E+03  0.824469919609E+03
  0.376988410950E+01  0.405922436271E+03  0.869677199660E+03  0.869307525354E+03
  0.379720211029E+01  0.430307751617E+03  0.916749897603E+03  0.916363316370E+03
  0.382452011108E+01  0.456009985131E+03  0.966142953827E+03  0.965738739916E+03
  0.385183811188E+01  0.483093939575E+03  0.101796219992E+04  0.101753959798E+04
  0.387915611267E+01  0.511627369502E+03  0.107231800099E+04  0.107187622490E+04
  0.390647411346E+01  0.541681107579E+03  0.112932544030E+04  0.112886367197E+04
  0.393379211426E+01  0.573329196050E+03  0.118910451110E+04  0.118862189924E+04
  0.396111011505E+01  0.606649023534E+03  0.125178031600E+04  0.125127597480E+04
  0.398842811584E+01  0.641721467381E+03  0.131748327406E+04  0.131695628187E+04
  0.401574611664E+01  0.678631041787E+03  0.138634933599E+04  0.138579873388E+04
  0.404306411743E+01  0.717466051902E+03  0.145852020767E+04  0.145794499804E+04
  0.407038211823E+01  0.758318754167E+03  0.153414358242E+04  0.153354272748E+04
  0.409770011902E+01  0.801285523106E+03  0.161337338226E+04  0.161274580245E+04
  0.412501811981E+01  0.846467024841E+03  0.169637000848E+04  0.169571458086E+04
  0.415233612061E+01  0.893968397581E+03  0.178330060197E+04  0.178261615856E+04
  0.417965412140E+01  0.943899439360E+03  0.187433931359E+04  0.187362463962E+04
  0.420697212219E+01  0.996374803293E+03  0.196966758497E+04  0.196892141709E+04
  0.423429012299E+01  0.105151420066E+04  0.206947444020E+04  0.206869546456E+04
  0.426160812378E+01  0.110944261209E+04  0.217395678868E+04  0.217314363905E+04
  0.428892612457E+01  0.117029050721E+04  0.228331973970E+04  0.228247099541E+04
  0.431624412537E+01  0.123419407301E+04  0.239777692909E+04  0.239689111294E+04
  0.434356212616E+01  0.130129545132E+04  0.251755085837E+04  0.251662643450E+04
  0.437088012695E+01  0.137174298571E+04  0.264287324703E+04  0.264190861863E+04
  0.439819812775E+01  0.144569147824E+04  0.277398539818E+04  0.277297890517E+04
  0.442551612854E+01  0.152330245632E+04  0.291113857827E+04  0.291008849489E+04
  0.445283412933E+01  0.160474445022E+04  0.305459441134E+04  0.305349894364E+04
  0.448015213013E+01  0.169019328143E+04  0.320462528828E+04  0.320348257150E+04
  0.450747013092E+01  0.177983236255E+04  0.336151479176E+04  0.336032288765E+04
  0.453478813171E+01  0.187385300893E+04  0.352555813733E+04  0.352431503134E+04
  0.456210613251E+01  0.197245476254E+04  0.369706263130E+04  0.369576622968E+04
  0.458942413330E+01  0.207584572872E+04  0.387634814610E+04  0.387499627289E+04
  0.461674213409E+01  0.218424292600E+04  0.406374761364E+04  0.406233800756E+04
  0.464406013489E+01  0.229787264978E+04  0.425960753744E+04  0.425813784864E+04
  0.467137813568E+01  0.241697085018E+04  0.446428852415E+04  0.446275631085E+04
  0.469869613647E+01  0.254178352467E+04  0.467816583524E+04  0.467656856026E+04
  0.472601413727E+01  0.267256712617E+04  0.490162995954E+04  0.489996498671E+04
  0.475333213806E+01  0.280958898692E+04  0.513508720747E+04  0.513335179786E+04
  0.478065013885E+01  0.295312775899E+04  0.537896032768E+04  0.537715163573E+04
  0.480796813965E+01  0.310347387192E+04  0.563368914692E+04  0.563180421644E+04
  0.483528614044E+01  0.326093000816E+04  0.589973123417E+04  0.589776699415E+04
  0.486260414124E+01  0.342581159699E+04  0.617756258963E+04  0.617551584993E+04
  0.488992214203E+01  0.359844732761E+04  0.646767835970E+04  0.646554580657E+04
  0.491724014282E+01  0.377917968212E+04  0.677059357888E+04  0.676837177032E+04
  0.494455814362E+01  0.396836548913E+04  0.708684393944E+04  0.708452930038E+04
  0.497187614441E+01  0.416637649884E+04  0.741698659005E+04  0.741457540736E+04
  0.499919414520E+01  0.437359998024E+04  0.776160096426E+04  0.775908938162E+04
  0.502651214600E+01  0.459043934144E+04  0.812128964015E+04  0.811867365262E+04
  0.505383014679E+01  0.481731477390E+04  0.849667923194E+04  0.849395468048E+04
  0.508114814758E+01  0.505466392144E+04  0.888842131515E+04  0.888558388080E+04
  0.510846614838E+01  0.530294257498E+04  0.929719338611E+04  0.929423858407E+04
  0.513578414917E+01  0.556262539404E+04  0.972369985743E+04  0.972062303084E+04
  0.516310214996E+01  0.583420665582E+04  0.101686730905E+05  0.101654694041E+05
  0.519042015076E+01  0.611820103315E+04  0.106328744664E+05  0.106295388998E+05
  0.521773815155E+01  0.641514440205E+04  0.111170954969E+05  0.111136228377E+05
  0.524505615234E+01  0.672559468036E+04  0.116221589765E+05  0.116185438132E+05
  0.527237415314E+01  0.705013269833E+04  0.121489201771E+05  0.121451568918E+05
  0.529969215393E+01  0.738936310244E+04  0.126982680878E+05  0.126943508484E+05
  0.532701015472E+01  0.774391529373E+04  0.132711266998E+05  0.132670494521E+05
  0.535432815552E+01  0.811444440187E+04  0.138684563392E+05  0.138642127987E+05
  0.538164615631E+01  0.850163229628E+04  0.144912550495E+05  0.144868386928E+05
  0.540896415710E+01  0.890618863575E+04  0.151405600247E+05  0.151359640809E+05
  0.543628215790E+01  0.932885195782E+04  0.158174490956E+05  0.158126665369E+05
  0.546360015869E+01  0.977039080963E+04  0.165230422713E+05  0.165180658037E+05
  0.549091815948E+01  0.102316049216E+05  0.172585033368E+05  0.172533253901E+05
  0.551823616028E+01  0.107133264253E+05  0.180250415104E+05  0.180196542281E+05
  0.554555416107E+01  0.112164211181E+05  0.188239131614E+05  0.188183083903E+05
  0.557287216187E+01  0.117417897747E+05  0.196564235914E+05  0.196505928707E+05
  0.560019016266E+01  0.122903695087E+05  0.205239288814E+05  0.205178634311E+05
  0.562750816345E+01  0.128631351856E+05  0.214278378059E+05  0.214215285153E+05
  0.565482616425E+01  0.134611008890E+05  0.223696138181E+05  0.223630512337E+05
  0.568214416504E+01  0.140853214417E+05  0.233507771078E+05  0.233439514205E+05
  0.570946216583E+01  0.147368939842E+05  0.243729067343E+05  0.243658077666E+05
  0.573678016663E+01  0.154169596127E+05  0.254376428376E+05  0.254302600302E+05
  0.576409816742E+01  0.161267050786E+05  0.265466889312E+05  0.265390113288E+05
  0.579141616821E+01  0.168673645513E+05  0.277018142777E+05  0.276938305146E+05
  0.581873416901E+01  0.176402214474E+05  0.289048563520E+05  0.288965546371E+05
  0.584605216980E+01  0.184466103288E+05  0.301577233942E+05  0.301490914955E+05
  0.587337017059E+01  0.192879188707E+05  0.314623970554E+05  0.314534222839E+05
  0.590068817139E+01  0.201655899042E+05  0.328209351403E+05  0.328116043335E+05
  0.592800617218E+01  0.210811235351E+05  0.342354744499E+05  0.342257739543E+05
  0.595532417297E+01  0.220360793406E+05  0.357082337272E+05  0.356981493807E+05
  0.598264217377E+01  0.230320786496E+05  0.372415167102E+05  0.372310338234E+05
  0.600996017456E+01  0.240708069067E+05  0.388377152964E+05  0.388268186336E+05
  0.603727817535E+01  0.251540161242E+05  0.404993128215E+05  0.404879865807E+05
  0.606459617615E+01  0.262835274263E+05  0.422288874575E+05  0.422171152499E+05
  0.609191417694E+01  0.274612336864E+05  0.440291157342E+05  0.440168805633E+05
  0.611923217773E+01  0.286891022634E+05  0.459027761883E+05  0.458900604272E+05
  0.614655017853E+01  0.299691778390E+05  0.478527531442E+05  0.478395385133E+05
  0.617386817932E+01  0.313035853601E+05  0.498820406323E+05  0.498683081756E+05
  0.620118618011E+01  0.326945330902E+05  0.519937464488E+05  0.519794765093E+05
  0.622850418091E+01  0.341443157736E+05  0.541910963621E+05  0.541762685565E+05
  0.625582218170E+01  0.356553179170E+05  0.564774384711E+05  0.564620316638E+05
  0.628314018250E+01  0.372300171915E+05  0.576432838712E+05  0.588402399971E+05
